['ball_mover_l', 17.095856809116977, -12.228984229377543, -0.0018219441997686658, 0.004265506430980036, -0.0008249696346043624, -1.8835974385334795, 1.0, 1.0, 1.0]
['ball_mover_r', -17.095857620239258, 12.228983879089355, 0.0018219442572444677, 0.004265506430980036, -0.0008249696346043624, -1.8835974385334795, 1.0, 1.0, 1.0]
['bigtoe_distal_phalange_mover_l', 2.1316282072803006e-14, -1.3322676295501878e-14, 0.0, 0.0, 0.0, 7.951386703658792e-15, 1.0, 1.0, 1.0]
['bigtoe_distal_phalange_mover_r', -0.0, -0.0, -0.0, 0.0, 0.0, 7.951386703658792e-15, 1.0, 1.0, 1.0]
['bigtoe_metatarsal_mover_l', 2.6645352591003757e-14, 4.263256414560601e-14, 3.552713678800501e-14, 5.3174898580718184e-15, 3.8502105304122804e-14, 4.52235118770594e-15, 1.0, 1.0, 1.0]
['bigtoe_metatarsal_mover_r', -2.6645352591003757e-14, -4.263256414560601e-14, -3.552713678800501e-14, 5.3174898580718184e-15, 3.8502105304122804e-14, 4.52235118770594e-15, 1.0, 1.0, 1.0]
['bigtoe_proximal_phalange_mover_l', 4.973799150320701e-14, -1.4210854715202004e-14, 6.039613253960852e-14, -1.7393658414253602e-14, 2.5146260450320932e-14, 2.1592984517123405e-14, 1.0, 1.0, 1.0]
['bigtoe_proximal_phalange_mover_r', -0.0, -0.0, -0.0, -1.7393658414253602e-14, 2.5146260450320932e-14, 2.1592984517123405e-14, 1.0, 1.0, 1.0]
['boob_l_mover', 18.52824174232536, -19.734636267718493, -4.968725555798987, 0.0, 0.0, 3.995234448985713, 1.0, 1.0, 1.0]
['boob_r_mover', -18.528242111206055, 19.734636306762695, 4.968725681304932, 0.0, 0.0, 3.9952344894409184, 1.0, 1.0, 1.0]
['brow_in_l_mover', 7.893126440647527, -38.73948255641928, 42.71161336033568, 0.0, 0.0, 0.0, 0.40281620804195384, 0.40281620804195384, 0.40281620804195384]
['brow_in_r_mover', -7.893126487731934, 38.73948287963867, -42.711612701416016, 0.0, 0.0, 0.0, 0.40281620804195384, 0.40281620804195384, 0.40281620804195384]
['brow_l_mover', 16.590548913291197, -35.63288388410527, 44.70735354117077, 0.0, 0.0, 0.0, 1.0, 1.0, 1.0]
['brow_out_l_mover', 22.304800648788312, -34.01177038808847, 44.38653510007652, 0.0, 0.0, 0.0, 1.0, 1.0, 1.0]
['brow_out_r_mover', -22.304800033569336, 34.01177215576172, -44.38653564453125, 0.0, 0.0, 0.0, 1.0, 1.0, 1.0]
['brow_r_mover', -16.59054946899414, 35.63288497924805, -44.70735168457031, 0.0, 0.0, 0.0, 1.0, 1.0, 1.0]
['calf_mover_l', 0.7649390400138856, 0.11058976607873561, 0.010111208973366814, -5.690083366880272, 1.0372227105714285, 0.6136421831466286, 1.0, 1.0, 1.0]
['calf_mover_r', -0.7649390697479248, -0.11058976501226425, -0.010111209005117416, -5.690083366880272, 1.0372227105714285, 0.6136421831466286, 1.0, 1.0, 1.0]
['calf_twist_01_mover_l', 54.246774878580204, 0.8365923133332949, -0.20996132922894617, 0.32356082228807115, -0.2190846890238332, -0.8729824320295776, 1.0, 1.0, 1.0]
['calf_twist_01_mover_r', -54.24677658081055, -0.8365923166275024, 0.20996132493019104, 0.32356082228807115, -0.2190846890238332, -0.8729824320295776, 1.0, 1.0, 1.0]
['cheek_l_mover', 15.826040457243835, -35.736445019132255, 16.91917678984721, 0.0, 0.0, 0.0, 1.0, 1.0, 1.0]
['cheek_r_mover', -15.826040267944336, 35.736446380615234, -16.91917610168457, 0.0, 0.0, 0.0, 1.0, 1.0, 1.0]
['clavicle_mover_l', 4.26999999999848, -12.199999999999996, -6.9399999999989745, 1.5410745147820013, 8.978841372062904, 26.787523624539233, 1.0, 1.0, 1.0]
['clavicle_mover_r', -4.269999980926514, 12.199999809265137, 6.940000057220459, 1.5410745147820013, 8.978841372062904, 26.787523624539233, 1.0, 1.0, 1.0]
['eyeLid_in_l_mover', -10.520533917881588, 0.0, -3.0983548594912538, 0.0, 0.0, 0.0, 0.6944179139801965, 0.6944179139801965, 0.6944179139801965]
['eyeLid_in_r_mover', 10.520533561706543, -0.0, 3.0983548164367676, 0.0, 0.0, 0.0, 0.6944179139801965, 0.6944179139801965, 0.6944179139801965]
['eyeLid_l_mover', 16.20499452340428, -37.2524544794926, 37.961409880253264, 0.0, 0.0, 0.0, 0.7480878469984575, 0.7480878469984575, 0.7480878469984575]
['eyeLid_mid_l_mover', -2.9560002861270415e-15, -3.062569811332514, 5.560410023497147e-13, 0.0, 0.0, 0.0, 0.48155942316860817, 0.48155942316860817, 0.48155942316860817]
['eyeLid_mid_r_mover', 2.9560003550417645e-15, 3.0625698566436768, -5.560409988350501e-13, 0.0, 0.0, 0.0, 0.48155942316860817, 0.48155942316860817, 0.48155942316860817]
['eyeLid_midin_l_mover', -5.44269837642876, 0.0, -1.312771055039795, 0.0, 0.0, 0.0, 0.6855096993411733, 0.6855096993411733, 0.6855096993411733]
['eyeLid_midin_r_mover', 5.4426984786987305, -0.0, 1.3127710819244385, 0.0, 0.0, 0.0, 0.6855096993411733, 0.6855096993411733, 0.6855096993411733]
['eyeLid_out_l_mover', 9.422416540284829, 4.348661932662881, -3.87375892072063, 0.0, 0.0, 0.0, 0.649482895610572, 0.649482895610572, 0.649482895610572]
['eyeLid_out_r_mover', -9.422416687011719, -4.34866189956665, 3.8737590312957764, 0.0, 0.0, 0.0, 0.649482895610572, 0.649482895610572, 0.649482895610572]
['eyeLid_r_mover', -16.204994201660156, 37.2524528503418, -37.96141052246094, 0.0, 0.0, 0.0, 0.7480878469984575, 0.7480878469984575, 0.7480878469984575]
['eye_in_l_mover', 6.39523676896755, -37.776734115346805, 30.34403604437655, 0.0, 0.0, 0.0, 0.366019287358115, 0.366019287358115, 0.366019287358115]
['eye_in_r_mover', -6.395236968994141, 37.7767333984375, -30.344036102294922, 0.0, 0.0, 0.0, 0.366019287358115, 0.366019287358115, 0.366019287358115]
['eye_left_mover', 13.999999999999995, -28.89012484671639, 31.99999999999943, 0.0, 0.0, 0.0, 2.0, 2.0, 2.0]
['eye_lowIOutMid_l_mover', 19.141648869583637, -37.07336358350911, 25.960326430749554, 0.0, 0.0, 0.0, 0.16950942085802131, 0.16950942085802131, 0.16950942085802131]
['eye_lowIOutMid_r_mover', -19.14164924621582, 37.0733642578125, -25.9603271484375, 0.0, 0.0, 0.0, 0.16950942085802131, 0.16950942085802131, 0.16950942085802131]
['eye_lowIOut_l_mover', 23.5089952717867, -35.302773223479264, 27.716559557901608, 0.0, 0.0, 0.0, 0.1247240036056642, 0.1247240036056642, 0.1247240036056642]
['eye_lowIOut_r_mover', -23.508995056152344, 35.302772521972656, -27.71656036376953, 0.0, 0.0, 0.0, 0.1247240036056642, 0.1247240036056642, 0.1247240036056642]
['eye_lowInMid_l_mover', 14.002053888938589, -37.92672023779389, 25.575215608469605, 0.0, 0.0, 0.0, 0.15562293289941634, 0.15562293289941634, 0.15562293289941634]
['eye_lowInMid_r_mover', -14.002054214477539, 37.926719665527344, -25.57521629333496, 0.0, 0.0, 0.0, 0.15562293289941634, 0.15562293289941634, 0.15562293289941634]
['eye_lowIn_l_mover', 9.258104858334232, -37.90942245006419, 27.296849374609717, 0.0, 0.0, 0.0, 0.16049027616677305, 0.16049027616677305, 0.16049027616677305]
['eye_lowIn_r_mover', -9.258105278015137, 37.909423828125, -27.296850204467773, 0.0, 0.0, 0.0, 0.16049027616677305, 0.16049027616677305, 0.16049027616677305]
['eye_out_l_mover', 24.974168136874894, -32.94602172270237, 31.014108419174494, 0.0, 0.0, 0.0, 0.4028515582829454, 0.4028515582829454, 0.4028515582829454]
['eye_out_r_mover', -24.97416877746582, 32.946022033691406, -31.014108657836914, 0.0, 0.0, 0.0, 0.4028515582829454, 0.4028515582829454, 0.4028515582829454]
['eye_right_mover', -14.000000000000005, -28.890124846716393, 31.99999999999943, 0.0, 0.0, 0.0, 2.0, 2.0, 2.0]
['foot_mover_l', 1.3587034710992931, -0.19593822200677558, 0.02272446341214618, -12.237285012888087, 4.326251697781221, -1.0750427373552283, 1.0, 1.0, 1.0]
['foot_mover_r', -1.3587034940719604, 0.19593821465969086, -0.022724462673068047, -12.237285012888087, 4.326251697781221, -1.0750427373552283, 1.0, 1.0, 1.0]
['hair_back_01_mover', 4.616420520615015e-16, 40.59337722164626, 13.480634589286653, -53.13204389460763, 0.0, 0.0, 1.1872427716033795, 1.1872427716033795, 1.1872427716033795]
['hair_back_02_mover', 2.94934112380228e-17, 3.5565686781021846, 0.42007452543637647, -3.863141836864847, 0.0, 0.0, 1.0389367451883593, 1.0389367451883593, 1.0389367451883593]
['hair_back_03_mover', -0.1300711845962343, 10.024017594569743, 2.7705814408981113, -14.686329485764546, -0.7798824878798851, -0.5057225547262004, 1.0389367451883593, 1.0389367451883593, 1.0389367451883593]
['hair_back_04_mover', 1.1902678787189994e-13, 10.98120002230325, -1.7248673165340573, -14.630129581993446, 0.0, 0.0, 1.0389367451883593, 1.0389367451883593, 1.0389367451883593]
['hair_back_05_mover', 1.1475930853244417e-14, 9.97443288557835, -1.8111069012156078, -7.245542238562652, 0.0, 0.0, 1.0389367451883593, 1.0389367451883593, 1.0389367451883593]
['hair_back_06_mover', 5.2587981723195136e-14, 8.652912610163234, -0.9599889378173773, -4.497143629611344, 0.0, 0.0, 1.0389367451883593, 1.0389367451883593, 1.0389367451883593]
['hair_back_07_mover', -7.391496049941043e-15, 10.97188143884384, -1.5740165852957828, -2.716410866562131, 0.0, 0.0, 1.0389367451883593, 1.0389367451883593, 1.0389367451883593]
['hair_back_08_mover', 4.440892098500656e-15, 4.812439756614019, 0.06411832834678674, 0.0, 0.0, 0.0, 1.0, 1.0, 1.0]
['hair_back_09_mover', -5.329070518200766e-15, 11.083590494930153, -0.6919677989994746, 0.0, 0.0, 0.0, 1.0, 1.0, 1.0]
['hair_front_01_mover', -26.21789801133166, -35.94830265311146, 66.37683378372857, -115.13360171608021, 0.9362813314761591, 3.1490281456324034, 1.2539981369283633, 1.2539981369283633, 1.2539981369283633]
['hair_front_02_mover', 0.08572343618753779, 4.7487491729597195, 2.2278736526057377, 39.227232611066384, 5.24378656470789, 15.88605063863703, 0.7687180208508118, 0.7687180208508118, 0.7687180208508118]
['hair_front_03_mover', 1.1094452322735977, 6.63304728032964, -1.1597540034422051, 0.0, 0.9730935675390947, 0.0, 0.7687180208508118, 0.7687180208508118, 0.7687180208508118]
['hair_front_04_mover', -0.06533395231067242, 9.74270176455389, 2.8421709430404045e-14, -10.67435033477594, 0.0, 0.0, 1.0, 1.0, 1.0]
['hand_mid_pivot_mover_l', 0.0, 0.0, 0.0, 0.0, 0.0, 0.0, 1.0, 1.0, 1.0]
['hand_mid_pivot_mover_r', 0.0, 0.0, 0.0, 0.0, 0.0, 0.0, 1.0, 1.0, 1.0]
['hand_mover_l', -1.8275029700912455, 0.10527445658908618, 3.016008776057788e-09, 11.894105113183889, 0.48914186621416444, -0.8109465077218329, 1.0, 1.0, 1.0]
['hand_mover_r', 1.827502965927124, -0.10527445375919342, -3.016008776057788e-09, 11.894105113183889, 0.48914186621416444, -0.8109465077218329, 1.0, 1.0, 1.0]
['hand_pinky_pivot_mover_l', 0.0, 0.0, 0.0, 0.0, 0.0, 0.0, 1.0, 1.0, 1.0]
['hand_pinky_pivot_mover_r', 0.0, 0.0, 0.0, 0.0, 0.0, 0.0, 1.0, 1.0, 1.0]
['hand_thumb_pivot_mover_l', 0.0, 0.0, 0.0, 0.0, 0.0, 0.0, 1.0, 1.0, 1.0]
['hand_thumb_pivot_mover_r', 0.0, -0.0, -0.0, 0.0, 0.0, -0.0, 1.0, 1.0, 1.0]
['hand_tip_pivot_mover_l', 0.0, 0.0, 0.0, 0.0, 0.0, 0.0, 1.0, 1.0, 1.0]
['hand_tip_pivot_mover_r', 0.0, 0.0, 0.0, 0.0, 0.0, 0.0, 1.0, 1.0, 1.0]
['head_mover', -1.5215969770546849, 0.9613613652159174, 2.377681695947624e-15, 0.0, 0.0, -3.1805546814635168e-15, 1.0, 1.0, 1.0]
['heel_pivot_l_mover', -12.911779401449134, 6.4190147638482795, -0.34031304189975925, 0.0, 0.0, 0.0, 1.0, 1.0, 1.0]
['heel_pivot_r_mover', -12.911779403686523, 6.419014930725098, 0.34031304717063904, -0.0, -0.0, 0.0, 1.0, 1.0, 1.0]
['index_01_mover_l', 4.740271898200611, 3.8690651852364795, 0.7211538501039865, 6.4689913576772895, -9.418361465377004, 25.465309967304584, 1.0, 1.0, 1.0]
['index_01_mover_r', -4.740272045135498, -3.869065284729004, -0.7211538553237915, 6.4689913576772895, -9.418361465377004, 25.465309967304584, 1.0, 1.0, 1.0]
['index_02_mover_l', 0.6236086456871419, 0.2351261040202246, 0.2053822028301191, 1.1713966487732048, -1.2590146940976237, 10.215036675963843, 1.0, 1.0, 1.0]
['index_02_mover_r', -0.6236086487770081, -0.23512610793113708, -0.20538219809532166, 1.1713966487732048, -1.2590146940976237, 10.215036675963843, 1.0, 1.0, 1.0]
['index_03_mover_l', 1.705515540039329, -0.37470109544892694, -0.34315429472316694, 1.029654384480725, 1.7911970856873354, -15.729660800451013, 1.0, 1.0, 1.0]
['index_03_mover_r', -1.7055155038833618, 0.3747010827064514, 0.34315428137779236, 1.029654384480725, 1.7911970856873354, -15.729660800451013, 1.0, 1.0, 1.0]
['index_distal_phalange_mover_l', -3.907985046680551e-14, -1.865174681370263e-14, 1.0658141036401503e-14, -1.3262664540868416e-15, 2.7812084291515672e-14, -1.5913982669573844e-14, 1.0, 1.0, 1.0]
['index_distal_phalange_mover_r', -0.0, -0.0, -0.0, -1.3262664540868416e-15, 2.7812084291515672e-14, -1.5913982669573844e-14, 1.0, 1.0, 1.0]
['index_metacarpal_mover_l', -8.739675649849232e-13, 5.684341886080802e-14, 3.4439118223872356e-13, -0.14248766723508197, -1.0471629505525415, 8.606832808099771, 1.0, 1.0, 1.0]
['index_metacarpal_mover_r', 8.739675649849232e-13, -5.684341886080802e-14, -3.4439118223872356e-13, -0.14248766723508197, -1.0471629505525415, 8.606832808099771, 1.0, 1.0, 1.0]
['index_metatarsal_mover_l', -1.7763568394002505e-15, 1.5987211554602254e-14, 1.7763568394002505e-14, -3.622850566854538e-14, 3.3610138875113974e-14, -2.128704248965842e-14, 1.0, 1.0, 1.0]
['index_metatarsal_mover_r', 1.7763568394002505e-15, -1.5987211554602254e-14, -1.7763568394002505e-14, -3.622850566854538e-14, 3.3610138875113974e-14, -2.128704248965842e-14, 1.0, 1.0, 1.0]
['index_middle_phalange_mover_l', -3.907985046680551e-14, -4.440892098500626e-14, -7.105427357601002e-15, -2.540716532653474e-14, 2.6387548567589724e-14, -7.821563258698227e-15, 1.0, 1.0, 1.0]
['index_middle_phalange_mover_r', -0.0, -0.0, -0.0, -2.540716532653474e-14, 2.6387548567589724e-14, -7.821563258698227e-15, 1.0, 1.0, 1.0]
['index_proximal_phalange_mover_l', 9.237055564881302e-14, -4.1744385725905886e-14, -1.0658141036401503e-14, -1.0113169963716028e-14, 4.01731389160636e-14, -3.2302508483614195e-16, 1.0, 1.0, 1.0]
['index_proximal_phalange_mover_r', -0.0, -0.0, -0.0, -1.0113169963716028e-14, 4.01731389160636e-14, -3.2302508483614195e-16, 1.0, 1.0, 1.0]
['inside_pivot_l_mover', 11.313645990496742, -12.947594908815168, -0.9684557356199214, 0.0, 0.0, 0.0, 1.0, 1.0, 1.0]
['inside_pivot_r_mover', 11.31364631652832, -12.94759464263916, 0.9684557318687439, -0.0, -0.0, 0.0, 1.0, 1.0, 1.0]
['jaw_mover', -1.6187511403147203e-16, -14.234451786270233, 2.3661499098341383, 0.0, 0.0, 0.0, 1.0, 1.0, 1.0]
['lip_bottom_l_mover', 4.975648770047625, -25.677844471722345, -0.6557257125720535, 0.0, 0.0, 0.0, 0.3175748871231445, 0.3175748871231445, 0.3175748871231445]
['lip_bottom_mover', -5.383187045583112e-15, -27.033639472397077, -0.8461866916387889, 0.0, 0.0, 0.0, 0.33150973372297526, 0.33150973372297526, 0.33150973372297526]
['lip_bottom_r_mover', -4.975648880004885, 25.677843647876152, 0.6557257175445557, 0.0, 0.0, 0.0, 0.3175748871231445, 0.3175748871231445, 0.3175748871231445]
['lip_l_mover', 11.195748344290207, -35.30700588646148, 4.572432867656844, 0.0, 0.0, 0.0, 0.4087395751022081, 0.4087395751022081, 0.4087395751022081]
['lip_r_mover', -11.195748329162601, 35.04587795537091, -4.572432994842529, 0.0, 0.0, 0.0, 0.4087395751022081, 0.4087395751022081, 0.4087395751022081]
['lip_top_l_mover', 4.518066110641834, -40.87705412425105, 6.219606170097721, 0.0, 0.0, 0.0, 0.28762882735910805, 0.28762882735910805, 0.28762882735910805]
['lip_top_mover', -1.1606216239792156e-14, -42.5768554621503, 6.603851300001569, 0.0, 0.0, 0.0, 0.24475310444590168, 0.24475310444590168, 0.24475310444590168]
['lip_top_r_mover', -4.518065929412844, 40.87705415917934, -6.219606399536133, 0.0, 0.0, 0.0, 0.28762882735910805, 0.28762882735910805, 0.28762882735910805]
['lowerarm_mover_l', 0.5128825226307185, 0.07716973653534254, -0.013014136942871346, -4.507332478146135, -9.24726808599532, -21.64936646110614, 0.9054943791280871, 0.9054943791280871, 0.9054943791280871]
['lowerarm_mover_r', -0.5128825306892395, -0.0771697387099266, 0.01301413681358099, -4.507332478146135, -9.24726808599532, -21.64936646110614, 0.9054943791280871, 0.9054943791280871, 0.9054943791280871]
['lowerarm_twist_01_mover_l', -32.57839094930114, 0.3553909816762477, 0.654576162008567, 0.0, 0.0, 0.0, 1.0, 1.0, 1.0]
['lowerarm_twist_01_mover_r', 32.578392028808594, -0.3553909957408905, -0.6545761823654175, 0.0, 0.0, 0.0, 1.0, 1.0, 1.0]
['middle_01_mover_l', 5.140296202718396, 3.6142396813549738, 0.28521995824421786, -1.108100156036927, -2.6347003159723132, 23.291119228880266, 1.0, 1.0, 1.0]
['middle_01_mover_r', -5.14029598236084, -3.6142396926879883, -0.2852199673652649, -1.108100156036927, -2.6347003159723132, 23.291119228880266, 1.0, 1.0, 1.0]
['middle_02_mover_l', 0.354564952787797, 0.2001055168084065, -0.28954513117080793, 0.025513549611598154, 4.421784977490097, 12.338751498502983, 1.0, 1.0, 1.0]
['middle_02_mover_r', -0.35456496477127075, -0.20010551810264587, 0.28954511880874634, 0.025513549611598154, 4.421784977490097, 12.338751498502983, 1.0, 1.0, 1.0]
['middle_03_mover_l', 1.5867541740039144, -0.3556836636834646, -0.4209456471284483, -0.9905810030654851, -2.8401117510491254, -21.40767536359642, 1.0, 1.0, 1.0]
['middle_03_mover_r', -1.5867542028427124, 0.35568365454673767, 0.4209456443786621, -0.9905810030654851, -2.8401117510491254, -21.40767536359642, 1.0, 1.0, 1.0]
['middle_distal_phalange_mover_l', -1.0658141036401503e-14, -3.197442310920451e-14, -2.4868995751603507e-14, -2.7805005379356845e-14, 2.39742682672852e-14, -4.7086820853142446e-15, 1.0, 1.0, 1.0]
['middle_distal_phalange_mover_r', -0.0, -0.0, -0.0, -2.7805005379356845e-14, 2.39742682672852e-14, -4.7086820853142446e-15, 1.0, 1.0, 1.0]
['middle_metacarpal_mover_l', -6.34202024230035e-10, -3.485894239929621e-08, 2.1574440012273044e-08, -0.04682223511569197, -0.6490004204004667, 8.252839368946947, 1.0, 1.0, 1.0]
['middle_metacarpal_mover_r', 6.34202024230035e-10, 3.485894239929621e-08, -2.1574440012273044e-08, -0.04682223511569197, -0.6490004204004667, 8.252839368946947, 1.0, 1.0, 1.0]
['middle_metatarsal_mover_l', 6.572520305780927e-14, -8.881784197001252e-15, -5.3290705182007514e-14, -1.4095075336407655e-14, 1.6612496790827753e-14, 2.3512498963553515e-15, 1.0, 1.0, 1.0]
['middle_metatarsal_mover_r', -6.572520305780927e-14, 8.881784197001252e-15, 5.3290705182007514e-14, -1.4095075336407655e-14, 1.6612496790827753e-14, 2.3512498963553515e-15, 1.0, 1.0, 1.0]
['middle_middle_phalange_mover_l', 5.3290705182007514e-14, 3.552713678800501e-15, -3.907985046680551e-14, -1.521479209682523e-14, 6.324786017601023e-15, -7.136305623180994e-15, 1.0, 1.0, 1.0]
['middle_middle_phalange_mover_r', -0.0, -0.0, -0.0, -1.521479209682523e-14, 6.324786017601023e-15, -7.136305623180994e-15, 1.0, 1.0, 1.0]
['middle_proximal_phalange_mover_l', -7.105427357601002e-15, -5.861977570020827e-14, 3.552713678800501e-15, -2.476732717772469e-14, 1.9285218766803684e-14, -1.7093928407650846e-14, 1.0, 1.0, 1.0]
['middle_proximal_phalange_mover_r', -0.0, -0.0, -0.0, -2.476732717772469e-14, 1.9285218766803684e-14, -1.7093928407650846e-14, 1.0, 1.0, 1.0]
['neck_01_mover', -11.060943092535183, -4.33885038650007, -1.4914942339251934e-07, 0.0, 0.0, -6.3611093629270335e-15, 1.0, 1.0, 1.0]
['nose_mover', -5.062815956031443e-16, -44.5202496498893, 17.211515491005024, 0.0, 0.0, 0.0, 0.46947273347345386, 0.46947273347345386, 0.46947273347345386]
['outside_pivot_l_mover', 9.165807394504974, -12.681618888892896, -5.608993920671236, 0.0, 0.0, 0.0, 1.0, 1.0, 1.0]
['outside_pivot_r_mover', 9.165807723999023, -12.681618690490723, 5.608994007110596, -0.0, -0.0, 0.0, 1.0, 1.0, 1.0]
['pelvis_mover', 2.546520134032164, 0.02568582598450231, 2.7126545369097078e-14, -3.727212517340057e-17, -1.2722315788680037e-14, -7.454425034680116e-17, 1.0, 1.0, 1.0]
['pinky_01_mover_l', 4.786565567679283, 5.609768116619819, -0.33647324545155843, -10.88518049842836, -4.047852944455803, 22.151692493735364, 1.0, 1.0, 1.0]
['pinky_01_mover_r', -4.786565780639648, -5.609767913818359, 0.3364732563495636, -10.88518049842836, -4.047852944455803, 22.151692493735364, 1.0, 1.0, 1.0]
['pinky_02_mover_l', 0.21248653004781204, -0.19575880831223458, 0.019004520771687794, 0.6280831284778108, -1.2293237136299224, 11.217724266153445, 1.0, 1.0, 1.0]
['pinky_02_mover_r', -0.21248653531074524, 0.19575880467891693, -0.019004520028829575, 0.6280831284778108, -1.2293237136299224, 11.217724266153445, 1.0, 1.0, 1.0]
['pinky_03_mover_l', 0.8234089816896244, -1.2726393345598694, -0.1003960955431431, 0.3252000312371871, 4.989560813742237, -13.28541955477754, 1.0, 1.0, 1.0]
['pinky_03_mover_r', -0.8234089612960815, 1.2726393938064575, 0.10039609670639038, 0.3252000312371871, 4.989560813742237, -13.28541955477754, 1.0, 1.0, 1.0]
['pinky_distal_phalange_mover_l', 1.2434497875801753e-13, -1.7763568394002505e-14, -7.815970093361102e-14, -4.969616689786765e-16, 3.0432690204081577e-14, -7.945174682796557e-15, 1.0, 1.0, 1.0]
['pinky_distal_phalange_mover_r', -0.0, -0.0, -0.0, -4.969616689786765e-16, 3.0432690204081577e-14, -7.945174682796557e-15, 1.0, 1.0, 1.0]
['pinky_metacarpal_mover_l', 6.346212444441335e-10, -3.9445893662559683e-08, 1.6411021874773724e-08, -0.517039166182548, -2.1180400022879846, 15.217604766770808, 1.0, 1.0, 1.0]
['pinky_metacarpal_mover_r', -6.346212444441335e-10, 3.9445893662559683e-08, -1.6411021874773724e-08, -0.517039166182548, -2.1180400022879846, 15.217604766770808, 1.0, 1.0, 1.0]
['pinky_metatarsal_mover_l', 4.618527782440651e-14, -1.7763568394002505e-14, -8.526512829121202e-14, -4.9938435711494556e-14, 1.8821646709959513e-14, -9.092457285790304e-15, 1.0, 1.0, 1.0]
['pinky_metatarsal_mover_r', -4.618527782440651e-14, 1.7763568394002505e-14, 8.526512829121202e-14, -4.9938435711494556e-14, 1.8821646709959513e-14, -9.092457285790304e-15, 1.0, 1.0, 1.0]
['pinky_middle_phalange_mover_l', -4.618527782440651e-14, -1.2434497875801753e-14, 7.105427357601002e-14, 0.0, 0.0, -6.3611093629270335e-15, 1.0, 1.0, 1.0]
['pinky_middle_phalange_mover_r', -0.0, -0.0, -0.0, 0.0, 0.0, -6.3611093629270335e-15, 1.0, 1.0, 1.0]
['pinky_proximal_phalange_mover_l', 0.0, -5.995204332975845e-14, 0.0, 1.6166784293962494e-15, 1.471982021577899e-14, -5.589071645142584e-15, 1.0, 1.0, 1.0]
['pinky_proximal_phalange_mover_r', -0.0, -0.0, -0.0, 1.6166784293962494e-15, 1.471982021577899e-14, -5.589071645142584e-15, 1.0, 1.0, 1.0]
['ring_01_mover_l', 5.667372867694809, 4.53210365693576, 0.5681720722723571, -9.075728697468778, -1.4294603971570201, 23.30216433384826, 1.0, 1.0, 1.0]
['ring_01_mover_r', -5.667372703552246, -4.532103538513184, -0.5681720972061157, -9.075728697468778, -1.4294603971570201, 23.30216433384826, 1.0, 1.0, 1.0]
['ring_02_mover_l', 0.8194240982596455, 0.1673671461380195, -0.1526370060111013, 0.30135612250907123, -1.6697468016709722, 13.315438286084044, 1.0, 1.0, 1.0]
['ring_02_mover_r', -0.8194240927696228, -0.1673671454191208, 0.15263700485229492, 0.30135612250907123, -1.6697468016709722, 13.315438286084044, 1.0, 1.0, 1.0]
['ring_03_mover_l', 1.649928342709245, -0.4093883648530152, 0.1526370072819958, -0.36076434018742015, 2.9876677503565845, -15.645562150658867, 1.0, 1.0, 1.0]
['ring_03_mover_r', -1.649928331375122, 0.40938836336135864, -0.15263700485229492, -0.36076434018742015, 2.9876677503565845, -15.645562150658867, 1.0, 1.0, 1.0]
['ring_distal_phalange_mover_l', -8.881784197001252e-14, -6.572520305780927e-14, 9.592326932761353e-14, -2.57216488826853e-14, 2.2970161642296123e-14, 4.417416968309246e-15, 1.0, 1.0, 1.0]
['ring_distal_phalange_mover_r', -0.0, -0.0, -0.0, -2.57216488826853e-14, 2.2970161642296123e-14, 4.417416968309246e-15, 1.0, 1.0, 1.0]
['ring_metacarpal_mover_l', -2.7128521651320625e-10, -3.763193490158301e-08, 1.838923635588685e-08, -0.40389843917791735, -3.2087235252316977, 11.563752931142044, 1.0, 1.0, 1.0]
['ring_metacarpal_mover_r', 2.7128521651320625e-10, 3.763193490158301e-08, -1.838923679997606e-08, -0.40389843917791735, -3.2087235252316977, 11.563752931142044, 1.0, 1.0, 1.0]
['ring_metatarsal_mover_l', 4.440892098500626e-14, -1.4210854715202004e-14, 3.197442310920451e-14, -9.715600628533094e-15, 3.95581488507025e-14, -1.9611349862070947e-14, 1.0, 1.0, 1.0]
['ring_metatarsal_mover_r', -4.440892098500626e-14, 1.4210854715202004e-14, -3.197442310920451e-14, -9.715600628533094e-15, 3.95581488507025e-14, -1.9611349862070947e-14, 1.0, 1.0, 1.0]
['ring_middle_phalange_mover_l', 5.684341886080802e-14, -1.2434497875801753e-14, 8.881784197001252e-14, -1.7816075832885484e-14, 9.408105595852529e-15, -2.048452704451863e-14, 1.0, 1.0, 1.0]
['ring_middle_phalange_mover_r', -0.0, -0.0, -0.0, -1.7816075832885484e-14, 9.408105595852529e-15, -2.048452704451863e-14, 1.0, 1.0, 1.0]
['ring_proximal_phalange_mover_l', 2.4868995751603507e-14, -4.929390229335695e-14, 1.0658141036401503e-14, -4.669886683183982e-14, 2.889754454850214e-14, -7.522757264164696e-15, 1.0, 1.0, 1.0]
['ring_proximal_phalange_mover_r', -0.0, -0.0, -0.0, -4.669886683183982e-14, 2.889754454850214e-14, -7.522757264164696e-15, 1.0, 1.0, 1.0]
['root_mover', 0.0, 0.0, 0.0, 0.0, 0.0, 0.0, 0.4, 0.4, 0.4]
['spine_01_mover', -0.4561846066991393, 3.5236028553666436, -1.5607717839111814e-12, 0.0, 0.0, 1.1927080055488187e-14, 1.0, 1.0, 1.0]
['spine_02_mover', 22.09864382271428, 1.8032539020132177, 1.4915232861925074e-07, 0.0, 0.0, 0.0, 1.0, 1.0, 1.0]
['spine_03_mover', -1.7621459846850485e-12, 1.2789769243681803e-13, -1.3642420523417554e-12, 0.0, 0.0, -5.9635400277440935e-15, 1.0, 1.0, 1.0]
['thigh_mover_l', -9.105211287929734, -1.7404730886388853, 0.028658427129830244, 5.56465282355722, -7.101457630673782, -1.1464513892068526, 0.932404184625471, 0.932404184625471, 0.932404184625471]
['thigh_mover_r', 9.10521125793457, 1.7404730319976807, -0.028658427298069, 5.56465282355722, -7.101457630673782, -1.1464513892068526, 0.932404184625471, 0.932404184625471, 0.932404184625471]
['thigh_twist_01_mover_l', -58.23997136942464, 0.058241755267457895, -0.00021819757083108016, -5.43867429113586, -0.00021103638904324733, -0.05633030524931218, 1.0, 1.0, 1.0]
['thigh_twist_01_mover_r', 58.23997116088867, -0.05824175477027893, 0.00021819757239427418, -5.43867429113586, -0.00021103638904324733, -0.05633030524931218, 1.0, 1.0, 1.0]
['thumb_01_mover_l', 4.181823478090962, 4.2541964209088405, 1.0508550057937782, 16.925466014736354, -3.560755081973859, 6.474770462316573, 1.0, 1.0, 1.0]
['thumb_01_mover_r', -4.181823253631592, -4.254196643829346, -1.050855040550232, 16.925466014736354, -3.560755081973859, 6.474770462316573, 1.0, 1.0, 1.0]
['thumb_02_mover_l', 1.0968237697722145, 0.7453900402505411, 0.1560724637596067, 1.6131408118722472, 9.833246192265824, 10.280110949939546, 1.0, 1.0, 1.0]
['thumb_02_mover_r', -1.096823811531067, -0.7453900575637817, -0.1560724675655365, 1.6131408118722472, 9.833246192265824, 10.280110949939546, 1.0, 1.0, 1.0]
['thumb_03_mover_l', 0.18322722509856249, -0.05993482413448703, 0.10297721411683369, 1.4227665189297416, -1.2682944695831058, -20.305167634074955, 1.0, 1.0, 1.0]
['thumb_03_mover_r', -0.18322722613811493, 0.0599348247051239, -0.1029772162437439, 1.4227665189297416, -1.2682944695831058, -20.305167634074955, 1.0, 1.0, 1.0]
['toe_pivot_l_mover', 10.938283726403004, -9.452518052646202, -1.5957424952019956, 0.0, 0.0, 0.0, 1.0, 1.0, 1.0]
['toe_pivot_r_mover', 10.938283920288086, -9.452518463134766, 1.5957424640655518, -0.0, -0.0, 0.0, 1.0, 1.0, 1.0]
['tongue_mover', -9.957505304878012e-17, -8.756065737291648, 0.5731516932381314, 0.0, 0.0, 0.0, 0.6034338255031045, 0.6034338255031045, 0.6034338255031045]
['upperarm_mover_l', -8.794029900521423, -1.4124198283805462, 10.396699557319806, 24.213032606565204, -21.074846715656395, -16.69754037519594, 1.1673130515555152, 1.1673130515555152, 1.1673130515555152]
['upperarm_mover_r', 8.79403018951416, 1.4124197959899902, -10.396699905395508, 24.213032606565204, -21.074846715656395, -16.69754037519594, 1.1673130515555152, 1.1673130515555152, 1.1673130515555152]
['upperarm_twist_01_mover_l', 32.4994889391655, -0.1035226984222195, -0.1533749253807457, 0.0, 0.0, 0.0, 1.0, 1.0, 1.0]
['upperarm_twist_01_mover_r', -32.499488830566406, 0.10352269560098648, 0.15337492525577545, 0.0, 0.0, 0.0, 1.0, 1.0, 1.0]
['ball_mover_offset_l', 4.286046299496764, 5.8611826838595595, 0.12018596005729366, 0.0, 0.0, 0.0, 1.0, 1.0, 1.0]
['ball_mover_offset_r', -4.286046504974365, -5.861182689666748, -0.1201859563589096, 0.0, 0.0, 0.0, 1.0, 1.0, 1.0]
['bigtoe_distal_phalange_mover_offset_l', 0.0, 0.0, 0.0, 0.0, 0.0, 0.0, 1.0, 1.0, 1.0]
['bigtoe_distal_phalange_mover_offset_r', -0.0, -0.0, -0.0, 0.0, 0.0, 0.0, 1.0, 1.0, 1.0]
['bigtoe_metatarsal_mover_offset_l', 0.0, 0.0, 0.0, 0.0, 0.0, 0.0, 1.0, 1.0, 1.0]
['bigtoe_metatarsal_mover_offset_r', -0.0, -0.0, -0.0, 0.0, 0.0, 0.0, 1.0, 1.0, 1.0]
['bigtoe_proximal_phalange_mover_offset_l', 0.0, 0.0, 0.0, 0.0, 0.0, 0.0, 1.0, 1.0, 1.0]
['bigtoe_proximal_phalange_mover_offset_r', -0.0, -0.0, -0.0, 0.0, 0.0, 0.0, 1.0, 1.0, 1.0]
['boob_l_mover_offset', 0.0, 0.0, 0.0, 0.0, 0.0, 0.0, 1.0, 1.0, 1.0]
['boob_r_mover_offset', 0.0, 0.0, 0.0, 0.0, 0.0, 0.0, 1.0, 1.0, 1.0]
['brow_in_l_mover_offset', 0.0, 0.0, 0.0, 0.0, 0.0, 0.0, 1.0, 1.0, 1.0]
['brow_in_r_mover_offset', 0.0, 0.0, 0.0, 0.0, 0.0, 0.0, 1.0, 1.0, 1.0]
['brow_l_mover_offset', 0.0, 0.0, 0.0, 0.0, 0.0, 0.0, 1.0, 1.0, 1.0]
['brow_out_l_mover_offset', 0.0, 0.0, 0.0, 0.0, 0.0, 0.0, 1.0, 1.0, 1.0]
['brow_out_r_mover_offset', 0.0, 0.0, 0.0, 0.0, 0.0, 0.0, 1.0, 1.0, 1.0]
['brow_r_mover_offset', 0.0, 0.0, 0.0, 0.0, 0.0, 0.0, 1.0, 1.0, 1.0]
['calf_mover_offset_l', 0.0, 0.0, 0.0, 0.0, 0.0, 0.0, 1.0, 1.0, 1.0]
['calf_mover_offset_r', -0.0, -0.0, -0.0, 0.0, 0.0, 0.0, 1.0, 1.0, 1.0]
['calf_twist_01_mover_offset_l', 0.0, 0.0, 0.0, 0.0, 0.0, 0.0, 1.0, 1.0, 1.0]
['calf_twist_01_mover_offset_r', -0.0, -0.0, -0.0, 0.0, 0.0, 0.0, 1.0, 1.0, 1.0]
['cheek_l_mover_offset', 0.0, 0.0, 0.0, 0.0, 0.0, 0.0, 1.0, 1.0, 1.0]
['cheek_r_mover_offset', 0.0, 0.0, 0.0, 0.0, 0.0, 0.0, 1.0, 1.0, 1.0]
['clavicle_mover_offset_l', 0.0, 0.0, 0.0, 0.0, 0.0, 0.0, 1.0, 1.0, 1.0]
['clavicle_mover_offset_r', -0.0, -0.0, -0.0, 0.0, 0.0, 0.0, 1.0, 1.0, 1.0]
['eyeLid_in_l_mover_offset', 0.0, 0.0, 0.0, 0.0, 0.0, 0.0, 1.0, 1.0, 1.0]
['eyeLid_in_r_mover_offset', 0.0, 0.0, 0.0, 0.0, 0.0, 0.0, 1.0, 1.0, 1.0]
['eyeLid_l_mover_offset', 0.0, 0.0, 0.0, 0.0, 0.0, 0.0, 1.0, 1.0, 1.0]
['eyeLid_mid_l_mover_offset', 0.0, 0.0, 0.0, 0.0, 0.0, 0.0, 1.0, 1.0, 1.0]
['eyeLid_mid_r_mover_offset', 0.0, 0.0, 0.0, 0.0, 0.0, 0.0, 1.0, 1.0, 1.0]
['eyeLid_midin_l_mover_offset', 0.0, 0.0, 0.0, 0.0, 0.0, 0.0, 1.0, 1.0, 1.0]
['eyeLid_midin_r_mover_offset', 0.0, 0.0, 0.0, 0.0, 0.0, 0.0, 1.0, 1.0, 1.0]
['eyeLid_out_l_mover_offset', 0.0, 0.0, 0.0, 0.0, 0.0, 0.0, 1.0, 1.0, 1.0]
['eyeLid_out_r_mover_offset', 0.0, 0.0, 0.0, 0.0, 0.0, 0.0, 1.0, 1.0, 1.0]
['eyeLid_r_mover_offset', 0.0, 0.0, 0.0, 0.0, 0.0, 0.0, 1.0, 1.0, 1.0]
['eye_in_l_mover_offset', 0.0, 0.0, 0.0, 0.0, 0.0, 0.0, 1.0, 1.0, 1.0]
['eye_in_r_mover_offset', 0.0, 0.0, 0.0, 0.0, 0.0, 0.0, 1.0, 1.0, 1.0]
['eye_left_mover_offset', 0.0, 0.0, 0.0, 0.0, 0.0, 0.0, 1.0, 1.0, 1.0]
['eye_lowIOutMid_l_mover_offset', 0.0, 0.0, 0.0, 0.0, 0.0, 0.0, 1.0, 1.0, 1.0]
['eye_lowIOutMid_r_mover_offset', 0.0, 0.0, 0.0, 0.0, 0.0, 0.0, 1.0, 1.0, 1.0]
['eye_lowIOut_l_mover_offset', 0.0, 0.0, 0.0, 0.0, 0.0, 0.0, 1.0, 1.0, 1.0]
['eye_lowIOut_r_mover_offset', 0.0, 0.0, 0.0, 0.0, 0.0, 0.0, 1.0, 1.0, 1.0]
['eye_lowInMid_l_mover_offset', 0.0, 0.0, 0.0, 0.0, 0.0, 0.0, 1.0, 1.0, 1.0]
['eye_lowInMid_r_mover_offset', 0.0, 0.0, 0.0, 0.0, 0.0, 0.0, 1.0, 1.0, 1.0]
['eye_lowIn_l_mover_offset', 0.0, 0.0, 0.0, 0.0, 0.0, 0.0, 1.0, 1.0, 1.0]
['eye_lowIn_r_mover_offset', 0.0, 0.0, 0.0, 0.0, 0.0, 0.0, 1.0, 1.0, 1.0]
['eye_out_l_mover_offset', 0.0, 0.0, 0.0, 0.0, 0.0, 0.0, 1.0, 1.0, 1.0]
['eye_out_r_mover_offset', 0.0, 0.0, 0.0, 0.0, 0.0, 0.0, 1.0, 1.0, 1.0]
['eye_right_mover_offset', 0.0, 0.0, 0.0, 0.0, 0.0, 0.0, 1.0, 1.0, 1.0]
['foot_mover_offset_l', 0.0, 0.0, 0.0, 0.0, 0.0, 0.0, 1.0, 1.0, 1.0]
['foot_mover_offset_r', -0.0, -0.0, -0.0, 0.0, 0.0, 0.0, 1.0, 1.0, 1.0]
['hair_back_01_mover_offset', 0.0, 0.0, 0.0, 0.0, 0.0, 0.0, 1.0, 1.0, 1.0]
['hair_back_02_mover_offset', 0.0, 0.0, 0.0, 0.0, 0.0, 0.0, 1.0, 1.0, 1.0]
['hair_back_03_mover_offset', 0.0, 0.0, 0.0, 0.0, 0.0, 0.0, 1.0, 1.0, 1.0]
['hair_back_04_mover_offset', 0.0, 0.0, 0.0, 0.0, 0.0, 0.0, 1.0, 1.0, 1.0]
['hair_back_05_mover_offset', 0.0, 0.0, 0.0, 0.0, 0.0, 0.0, 1.0, 1.0, 1.0]
['hair_back_06_mover_offset', 0.0, 0.0, 0.0, 0.0, 0.0, 0.0, 1.0, 1.0, 1.0]
['hair_back_07_mover_offset', 0.0, 0.0, 0.0, 0.0, 0.0, 0.0, 1.0, 1.0, 1.0]
['hair_back_08_mover_offset', 0.0, 0.0, 0.0, 0.0, 0.0, 0.0, 1.0, 1.0, 1.0]
['hair_back_09_mover_offset', 0.0, 0.0, 0.0, 0.0, 0.0, 0.0, 1.0, 1.0, 1.0]
['hair_front_01_mover_offset', 0.0, 0.0, 0.0, 0.0, 0.0, 0.0, 1.0, 1.0, 1.0]
['hair_front_02_mover_offset', 0.0, 0.0, 0.0, 0.0, 0.0, 0.0, 1.0, 1.0, 1.0]
['hair_front_03_mover_offset', 0.0, 0.0, 0.0, 0.0, 0.0, 0.0, 1.0, 1.0, 1.0]
['hair_front_04_mover_offset', 0.0, 0.0, 0.0, 0.0, 0.0, 0.0, 1.0, 1.0, 1.0]
['hand_mover_offset_l', 0.0, 0.0, 0.0, 0.0, 0.0, 0.0, 1.0, 1.0, 1.0]
['hand_mover_offset_r', -0.0, -0.0, -0.0, 0.0, 0.0, 0.0, 1.0, 1.0, 1.0]
['head_mover_offset', 0.0, 0.0, 0.0, 0.0, 0.0, 0.0, 1.0, 1.0, 1.0]
['index_01_mover_offset_l', 0.0, 0.0, 0.0, 0.0, 0.0, 0.0, 1.0, 1.0, 1.0]
['index_01_mover_offset_r', -0.0, -0.0, -0.0, 0.0, 0.0, 0.0, 1.0, 1.0, 1.0]
['index_02_mover_offset_l', 0.0, 0.0, 0.0, 0.0, 0.0, 0.0, 1.0, 1.0, 1.0]
['index_02_mover_offset_r', -0.0, -0.0, -0.0, 0.0, 0.0, 0.0, 1.0, 1.0, 1.0]
['index_03_mover_offset_l', 0.0, 0.0, 0.0, 0.0, 0.0, 0.0, 1.0, 1.0, 1.0]
['index_03_mover_offset_r', -0.0, -0.0, -0.0, 0.0, 0.0, 0.0, 1.0, 1.0, 1.0]
['index_distal_phalange_mover_offset_l', 0.0, 0.0, 0.0, 0.0, 0.0, 0.0, 1.0, 1.0, 1.0]
['index_distal_phalange_mover_offset_r', -0.0, -0.0, -0.0, 0.0, 0.0, 0.0, 1.0, 1.0, 1.0]
['index_metacarpal_mover_offset_l', 0.0, 0.0, 0.0, 0.0, 0.0, 0.0, 1.0, 1.0, 1.0]
['index_metacarpal_mover_offset_r', -0.0, -0.0, -0.0, 0.0, 0.0, 0.0, 1.0, 1.0, 1.0]
['index_metatarsal_mover_offset_l', 0.0, 0.0, 0.0, 0.0, 0.0, 0.0, 1.0, 1.0, 1.0]
['index_metatarsal_mover_offset_r', -0.0, -0.0, -0.0, 0.0, 0.0, 0.0, 1.0, 1.0, 1.0]
['index_middle_phalange_mover_offset_l', 0.0, 0.0, 0.0, 0.0, 0.0, 0.0, 1.0, 1.0, 1.0]
['index_middle_phalange_mover_offset_r', -0.0, -0.0, -0.0, 0.0, 0.0, 0.0, 1.0, 1.0, 1.0]
['index_proximal_phalange_mover_offset_l', 0.0, 0.0, 0.0, 0.0, 0.0, 0.0, 1.0, 1.0, 1.0]
['index_proximal_phalange_mover_offset_r', -0.0, -0.0, -0.0, 0.0, 0.0, 0.0, 1.0, 1.0, 1.0]
['jaw_mover_offset', 0.0, 0.0, 0.0, 0.0, 0.0, 0.0, 1.0, 1.0, 1.0]
['lip_bottom_l_mover_offset', 0.0, 0.0, 0.0, 0.0, 0.0, 0.0, 1.0, 1.0, 1.0]
['lip_bottom_mover_offset', 0.0, 0.0, 0.0, 0.0, 0.0, 0.0, 1.0, 1.0, 1.0]
['lip_bottom_r_mover_offset', 0.0, 0.0, 0.0, 0.0, 0.0, 0.0, 1.0, 1.0, 1.0]
['lip_l_mover_offset', 0.0, 0.0, 0.0, 0.0, 0.0, 0.0, 1.0, 1.0, 1.0]
['lip_r_mover_offset', 0.0, 0.0, 0.0, 0.0, 0.0, 0.0, 1.0, 1.0, 1.0]
['lip_top_l_mover_offset', 0.0, 0.0, 0.0, 0.0, 0.0, 0.0, 1.0, 1.0, 1.0]
['lip_top_mover_offset', 0.0, 0.0, 0.0, 0.0, 0.0, 0.0, 1.0, 1.0, 1.0]
['lip_top_r_mover_offset', 0.0, 0.0, 0.0, 0.0, 0.0, 0.0, 1.0, 1.0, 1.0]
['lowerarm_mover_offset_l', 0.0, 0.0, 0.0, 0.0, 0.0, 0.0, 1.0, 1.0, 1.0]
['lowerarm_mover_offset_r', -0.0, -0.0, -0.0, 0.0, 0.0, 0.0, 1.0, 1.0, 1.0]
['lowerarm_twist_01_mover_offset_l', 0.0, 0.0, 0.0, 0.0, 0.0, 0.0, 1.0, 1.0, 1.0]
['lowerarm_twist_01_mover_offset_r', -0.0, -0.0, -0.0, 0.0, 0.0, 0.0, 1.0, 1.0, 1.0]
['middle_01_mover_offset_l', 0.0, 0.0, 0.0, 0.0, 0.0, 0.0, 1.0, 1.0, 1.0]
['middle_01_mover_offset_r', -0.0, -0.0, -0.0, 0.0, 0.0, 0.0, 1.0, 1.0, 1.0]
['middle_02_mover_offset_l', 0.0, 0.0, 0.0, 0.0, 0.0, 0.0, 1.0, 1.0, 1.0]
['middle_02_mover_offset_r', -0.0, -0.0, -0.0, 0.0, 0.0, 0.0, 1.0, 1.0, 1.0]
['middle_03_mover_offset_l', 0.0, 0.0, 0.0, 0.0, 0.0, 0.0, 1.0, 1.0, 1.0]
['middle_03_mover_offset_r', -0.0, -0.0, -0.0, 0.0, 0.0, 0.0, 1.0, 1.0, 1.0]
['middle_distal_phalange_mover_offset_l', 0.0, 0.0, 0.0, 0.0, 0.0, 0.0, 1.0, 1.0, 1.0]
['middle_distal_phalange_mover_offset_r', -0.0, -0.0, -0.0, 0.0, 0.0, 0.0, 1.0, 1.0, 1.0]
['middle_metacarpal_mover_offset_l', 0.0, 0.0, 0.0, 0.0, 0.0, 0.0, 1.0, 1.0, 1.0]
['middle_metacarpal_mover_offset_r', -0.0, -0.0, -0.0, 0.0, 0.0, 0.0, 1.0, 1.0, 1.0]
['middle_metatarsal_mover_offset_l', 0.0, 0.0, 0.0, 0.0, 0.0, 0.0, 1.0, 1.0, 1.0]
['middle_metatarsal_mover_offset_r', -0.0, -0.0, -0.0, 0.0, 0.0, 0.0, 1.0, 1.0, 1.0]
['middle_middle_phalange_mover_offset_l', 0.0, 0.0, 0.0, 0.0, 0.0, 0.0, 1.0, 1.0, 1.0]
['middle_middle_phalange_mover_offset_r', -0.0, -0.0, -0.0, 0.0, 0.0, 0.0, 1.0, 1.0, 1.0]
['middle_proximal_phalange_mover_offset_l', 0.0, 0.0, 0.0, 0.0, 0.0, 0.0, 1.0, 1.0, 1.0]
['middle_proximal_phalange_mover_offset_r', -0.0, -0.0, -0.0, 0.0, 0.0, 0.0, 1.0, 1.0, 1.0]
['neck_01_mover_offset', 0.0, 0.0, 0.0, 0.0, 0.0, 0.0, 1.0, 1.0, 1.0]
['nose_mover_offset', 0.0, 0.0, 0.0, 0.0, 0.0, 0.0, 1.0, 1.0, 1.0]
['pelvis_mover_offset', 0.0, 0.0, 0.0, 0.0, 0.0, 0.0, 1.0, 1.0, 1.0]
['pinky_01_mover_offset_l', 0.0, 0.0, 0.0, 0.0, 0.0, 0.0, 1.0, 1.0, 1.0]
['pinky_01_mover_offset_r', -0.0, -0.0, -0.0, 0.0, 0.0, 0.0, 1.0, 1.0, 1.0]
['pinky_02_mover_offset_l', 0.0, 0.0, 0.0, 0.0, 0.0, 0.0, 1.0, 1.0, 1.0]
['pinky_02_mover_offset_r', -0.0, -0.0, -0.0, 0.0, 0.0, 0.0, 1.0, 1.0, 1.0]
['pinky_03_mover_offset_l', 0.0, 0.0, 0.0, 0.0, 0.0, 0.0, 1.0, 1.0, 1.0]
['pinky_03_mover_offset_r', -0.0, -0.0, -0.0, 0.0, 0.0, 0.0, 1.0, 1.0, 1.0]
['pinky_distal_phalange_mover_offset_l', 0.0, 0.0, 0.0, 0.0, 0.0, 0.0, 1.0, 1.0, 1.0]
['pinky_distal_phalange_mover_offset_r', -0.0, -0.0, -0.0, 0.0, 0.0, 0.0, 1.0, 1.0, 1.0]
['pinky_metacarpal_mover_offset_l', 0.0, 0.0, 0.0, 0.0, 0.0, 0.0, 1.0, 1.0, 1.0]
['pinky_metacarpal_mover_offset_r', -0.0, -0.0, -0.0, 0.0, 0.0, 0.0, 1.0, 1.0, 1.0]
['pinky_metatarsal_mover_offset_l', 0.0, 0.0, 0.0, 0.0, 0.0, 0.0, 1.0, 1.0, 1.0]
['pinky_metatarsal_mover_offset_r', -0.0, -0.0, -0.0, 0.0, 0.0, 0.0, 1.0, 1.0, 1.0]
['pinky_middle_phalange_mover_offset_l', 0.0, 0.0, 0.0, 0.0, 0.0, 0.0, 1.0, 1.0, 1.0]
['pinky_middle_phalange_mover_offset_r', -0.0, -0.0, -0.0, 0.0, 0.0, 0.0, 1.0, 1.0, 1.0]
['pinky_proximal_phalange_mover_offset_l', 0.0, 0.0, 0.0, 0.0, 0.0, 0.0, 1.0, 1.0, 1.0]
['pinky_proximal_phalange_mover_offset_r', -0.0, -0.0, -0.0, 0.0, 0.0, 0.0, 1.0, 1.0, 1.0]
['ring_01_mover_offset_l', 0.0, 0.0, 0.0, 0.0, 0.0, 0.0, 1.0, 1.0, 1.0]
['ring_01_mover_offset_r', -0.0, -0.0, -0.0, 0.0, 0.0, 0.0, 1.0, 1.0, 1.0]
['ring_02_mover_offset_l', 0.0, 0.0, 0.0, 0.0, 0.0, 0.0, 1.0, 1.0, 1.0]
['ring_02_mover_offset_r', -0.0, -0.0, -0.0, 0.0, 0.0, 0.0, 1.0, 1.0, 1.0]
['ring_03_mover_offset_l', 0.0, 0.0, 0.0, 0.0, 0.0, 0.0, 1.0, 1.0, 1.0]
['ring_03_mover_offset_r', -0.0, -0.0, -0.0, 0.0, 0.0, 0.0, 1.0, 1.0, 1.0]
['ring_distal_phalange_mover_offset_l', 0.0, 0.0, 0.0, 0.0, 0.0, 0.0, 1.0, 1.0, 1.0]
['ring_distal_phalange_mover_offset_r', -0.0, -0.0, -0.0, 0.0, 0.0, 0.0, 1.0, 1.0, 1.0]
['ring_metacarpal_mover_offset_l', 0.0, 0.0, 0.0, 0.0, 0.0, 0.0, 1.0, 1.0, 1.0]
['ring_metacarpal_mover_offset_r', -0.0, -0.0, -0.0, 0.0, 0.0, 0.0, 1.0, 1.0, 1.0]
['ring_metatarsal_mover_offset_l', 0.0, 0.0, 0.0, 0.0, 0.0, 0.0, 1.0, 1.0, 1.0]
['ring_metatarsal_mover_offset_r', -0.0, -0.0, -0.0, 0.0, 0.0, 0.0, 1.0, 1.0, 1.0]
['ring_middle_phalange_mover_offset_l', 0.0, 0.0, 0.0, 0.0, 0.0, 0.0, 1.0, 1.0, 1.0]
['ring_middle_phalange_mover_offset_r', -0.0, -0.0, -0.0, 0.0, 0.0, 0.0, 1.0, 1.0, 1.0]
['ring_proximal_phalange_mover_offset_l', 0.0, 0.0, 0.0, 0.0, 0.0, 0.0, 1.0, 1.0, 1.0]
['ring_proximal_phalange_mover_offset_r', -0.0, -0.0, -0.0, 0.0, 0.0, 0.0, 1.0, 1.0, 1.0]
['spine_01_mover_offset', 0.0, 0.0, 0.0, 0.0, 0.0, 0.0, 1.0, 1.0, 1.0]
['spine_02_mover_offset', 0.0, 0.0, 0.0, 0.0, 0.0, 0.0, 1.0, 1.0, 1.0]
['spine_03_mover_offset', 0.0, 0.0, 0.0, 0.0, 0.0, 0.0, 1.0, 1.0, 1.0]
['thigh_mover_offset_l', 0.0, 0.0, 0.0, 0.0, 0.0, 0.0, 1.0, 1.0, 1.0]
['thigh_mover_offset_r', -0.0, -0.0, -0.0, 0.0, 0.0, 0.0, 1.0, 1.0, 1.0]
['thigh_twist_01_mover_offset_l', 0.0, 0.0, 0.0, 0.0, 0.0, 0.0, 1.0, 1.0, 1.0]
['thigh_twist_01_mover_offset_r', -0.0, -0.0, -0.0, 0.0, 0.0, 0.0, 1.0, 1.0, 1.0]
['thumb_01_mover_offset_l', 0.0, 0.0, 0.0, 0.0, 0.0, 0.0, 1.0, 1.0, 1.0]
['thumb_01_mover_offset_r', -0.0, -0.0, -0.0, 0.0, 0.0, 0.0, 1.0, 1.0, 1.0]
['thumb_02_mover_offset_l', 0.0, 0.0, 0.0, 0.0, 0.0, 0.0, 1.0, 1.0, 1.0]
['thumb_02_mover_offset_r', -0.0, -0.0, -0.0, 0.0, 0.0, 0.0, 1.0, 1.0, 1.0]
['thumb_03_mover_offset_l', 0.0, 0.0, 0.0, 0.0, 0.0, 0.0, 1.0, 1.0, 1.0]
['thumb_03_mover_offset_r', -0.0, -0.0, -0.0, 0.0, 0.0, 0.0, 1.0, 1.0, 1.0]
['tongue_mover_offset', 0.0, 0.0, 0.0, 0.0, 0.0, 0.0, 1.0, 1.0, 1.0]
['upperarm_mover_offset_l', 0.0, 0.0, 0.0, 0.0, 0.0, 0.0, 1.0, 1.0, 1.0]
['upperarm_mover_offset_r', -0.0, -0.0, -0.0, 0.0, 0.0, 0.0, 1.0, 1.0, 1.0]
['upperarm_twist_01_mover_offset_l', 0.0, 0.0, 0.0, 0.0, 0.0, 0.0, 1.0, 1.0, 1.0]
['upperarm_twist_01_mover_offset_r', -0.0, -0.0, -0.0, 0.0, 0.0, 0.0, 1.0, 1.0, 1.0]
['ball_geo_mover_l', 0.0, 0.0, 0.0, 0.0, 0.0, 0.0, 1.0, 1.0, 1.0]
['ball_geo_mover_r', -0.0, -0.0, -0.0, 0.0, 0.0, 0.0, 1.0, 1.0, 1.0]
['boob_l_geo_mover', 0.0, 0.0, 0.0, 0.0, 0.0, 0.0, 1.0, 1.0, 1.0]
['boob_r_geo_mover', -0.0, -0.0, -0.0, 0.0, 0.0, 0.0, 1.0, 1.0, 1.0]
['brow_in_l_geo_mover', 0.0, 0.0, 0.0, 0.0, 0.0, 0.0, 1.0, 1.0, 1.0]
['brow_in_r_geo_mover', -0.0, -0.0, -0.0, 0.0, 0.0, 0.0, 1.0, 1.0, 1.0]
['brow_l_geo_mover', 0.0, 0.0, 0.0, 0.0, 0.0, 0.0, 1.0, 1.0, 1.0]
['brow_out_l_geo_mover', 0.0, 0.0, 0.0, 0.0, 0.0, 0.0, 1.0, 1.0, 1.0]
['brow_out_r_geo_mover', -0.0, -0.0, -0.0, 0.0, 0.0, 0.0, 1.0, 1.0, 1.0]
['brow_r_geo_mover', -0.0, -0.0, -0.0, 0.0, 0.0, 0.0, 1.0, 1.0, 1.0]
['calf_geo_mover_l', 0.0, 0.0, 0.0, 0.0, 0.0, 0.0, 1.0, 1.0, 1.0]
['calf_geo_mover_r', -0.0, -0.0, -0.0, 0.0, 0.0, 0.0, 1.0, 1.0, 1.0]
['calf_twist_01_geo_mover_l', 0.0, 0.0, 0.0, 0.0, 0.0, 0.0, 1.0, 1.0, 1.0]
['calf_twist_01_geo_mover_r', -0.0, -0.0, -0.0, 0.0, 0.0, 0.0, 1.0, 1.0, 1.0]
['cheek_l_geo_mover', 0.0, 0.0, 0.0, 0.0, 0.0, 0.0, 1.0, 1.0, 1.0]
['cheek_r_geo_mover', -0.0, -0.0, -0.0, 0.0, 0.0, 0.0, 1.0, 1.0, 1.0]
['clavicle_geo_mover_l', 0.0, 0.0, 0.0, 0.0, 0.0, 0.0, 1.0, 1.0, 1.0]
['clavicle_geo_mover_r', -0.0, -0.0, -0.0, 0.0, 0.0, 0.0, 1.0, 1.0, 1.0]
['eyeLid_in_l_geo_mover', 0.0, 0.0, 0.0, 0.0, 0.0, 0.0, 1.0, 1.0, 1.0]
['eyeLid_in_r_geo_mover', -0.0, -0.0, -0.0, 0.0, 0.0, 0.0, 1.0, 1.0, 1.0]
['eyeLid_l_geo_mover', 0.0, 0.0, 0.0, 0.0, 0.0, 0.0, 1.0, 1.0, 1.0]
['eyeLid_mid_l_geo_mover', 0.0, 0.0, 0.0, 0.0, 0.0, 0.0, 1.0, 1.0, 1.0]
['eyeLid_mid_r_geo_mover', -0.0, -0.0, -0.0, 0.0, 0.0, 0.0, 1.0, 1.0, 1.0]
['eyeLid_midin_l_geo_mover', 0.0, 0.0, 0.0, 0.0, 0.0, 0.0, 1.0, 1.0, 1.0]
['eyeLid_midin_r_geo_mover', -0.0, -0.0, -0.0, 0.0, 0.0, 0.0, 1.0, 1.0, 1.0]
['eyeLid_out_l_geo_mover', 0.0, 0.0, 0.0, 0.0, 0.0, 0.0, 1.0, 1.0, 1.0]
['eyeLid_out_r_geo_mover', -0.0, -0.0, -0.0, 0.0, 0.0, 0.0, 1.0, 1.0, 1.0]
['eyeLid_r_geo_mover', -0.0, -0.0, -0.0, 0.0, 0.0, 0.0, 1.0, 1.0, 1.0]
['eye_in_l_geo_mover', 0.0, 0.0, 0.0, 0.0, 0.0, 0.0, 1.0, 1.0, 1.0]
['eye_in_r_geo_mover', -0.0, -0.0, -0.0, 0.0, 0.0, 0.0, 1.0, 1.0, 1.0]
['eye_left_geo_mover', 0.0, 0.0, 0.0, 0.0, 0.0, 0.0, 1.0, 1.0, 1.0]
['eye_lowIOutMid_l_geo_mover', 0.0, 0.0, 0.0, 0.0, 0.0, 0.0, 1.0, 1.0, 1.0]
['eye_lowIOutMid_r_geo_mover', -0.0, -0.0, -0.0, 0.0, 0.0, 0.0, 1.0, 1.0, 1.0]
['eye_lowIOut_l_geo_mover', 0.0, 0.0, 0.0, 0.0, 0.0, 0.0, 1.0, 1.0, 1.0]
['eye_lowIOut_r_geo_mover', -0.0, -0.0, -0.0, 0.0, 0.0, 0.0, 1.0, 1.0, 1.0]
['eye_lowInMid_l_geo_mover', 0.0, 0.0, 0.0, 0.0, 0.0, 0.0, 1.0, 1.0, 1.0]
['eye_lowInMid_r_geo_mover', -0.0, -0.0, -0.0, 0.0, 0.0, 0.0, 1.0, 1.0, 1.0]
['eye_lowIn_l_geo_mover', 0.0, 0.0, 0.0, 0.0, 0.0, 0.0, 1.0, 1.0, 1.0]
['eye_lowIn_r_geo_mover', -0.0, -0.0, -0.0, 0.0, 0.0, 0.0, 1.0, 1.0, 1.0]
['eye_out_l_geo_mover', 0.0, 0.0, 0.0, 0.0, 0.0, 0.0, 1.0, 1.0, 1.0]
['eye_out_r_geo_mover', -0.0, -0.0, -0.0, 0.0, 0.0, 0.0, 1.0, 1.0, 1.0]
['eye_right_geo_mover', 0.0, 0.0, 0.0, 0.0, 0.0, 0.0, 1.0, 1.0, 1.0]
['foot_geo_mover_l', 0.0, 0.0, 0.0, 0.0, 0.0, 0.0, 1.0, 1.0, 1.0]
['foot_geo_mover_r', -0.0, -0.0, -0.0, 0.0, 0.0, 0.0, 1.0, 1.0, 1.0]
['hair_back_01_geo_mover', 0.0, 0.0, 0.0, 0.0, 0.0, 0.0, 1.0, 1.0, 1.0]
['hair_back_02_geo_mover', 0.0, 0.0, 0.0, 0.0, 0.0, 0.0, 1.0, 1.0, 1.0]
['hair_back_03_geo_mover', 0.0, 0.0, 0.0, 0.0, 0.0, 0.0, 1.0, 1.0, 1.0]
['hair_back_04_geo_mover', 0.0, 0.0, 0.0, 0.0, 0.0, 0.0, 1.0, 1.0, 1.0]
['hair_back_05_geo_mover', 0.0, 0.0, 0.0, 0.0, 0.0, 0.0, 1.0, 1.0, 1.0]
['hair_back_06_geo_mover', 0.0, 0.0, 0.0, 0.0, 0.0, 0.0, 1.0, 1.0, 1.0]
['hair_back_07_geo_mover', 0.0, 0.0, 0.0, 0.0, 0.0, 0.0, 1.0, 1.0, 1.0]
['hair_back_08_geo_mover', 0.0, 0.0, 0.0, 0.0, 0.0, 0.0, 1.0, 1.0, 1.0]
['hair_back_09_geo_mover', 0.0, 0.0, 0.0, 0.0, 0.0, 0.0, 1.0, 1.0, 1.0]
['hair_front_01_geo_mover', 0.0, 0.0, 0.0, 0.0, 0.0, 0.0, 1.0, 1.0, 1.0]
['hair_front_02_geo_mover', 0.0, 0.0, 0.0, 0.0, 0.0, 0.0, 1.0, 1.0, 1.0]
['hair_front_03_geo_mover', 0.0, 0.0, 0.0, 0.0, 0.0, 0.0, 1.0, 1.0, 1.0]
['hair_front_04_geo_mover', 0.0, 0.0, 0.0, 0.0, 0.0, 0.0, 1.0, 1.0, 1.0]
['hand_geo_mover_l', 0.0, 0.0, 0.0, 0.0, 0.0, 0.0, 1.0, 1.0, 1.0]
['hand_geo_mover_r', -0.0, -0.0, -0.0, 0.0, 0.0, 0.0, 1.0, 1.0, 1.0]
['head_geo_mover', 0.0, 0.0, 0.0, 0.0, 0.0, 0.0, 1.0, 1.0, 1.0]
['index_01_geo_mover_l', 0.0, 0.0, 0.0, 0.0, 0.0, 0.0, 1.0, 1.0, 1.0]
['index_01_geo_mover_r', -0.0, -0.0, -0.0, 0.0, 0.0, 0.0, 1.0, 1.0, 1.0]
['index_02_geo_mover_l', 0.0, 0.0, 0.0, 0.0, 0.0, 0.0, 1.0, 1.0, 1.0]
['index_02_geo_mover_r', -0.0, -0.0, -0.0, 0.0, 0.0, 0.0, 1.0, 1.0, 1.0]
['index_03_geo_mover_l', 0.0, 0.0, 0.0, 0.0, 0.0, 0.0, 1.0, 1.0, 1.0]
['index_03_geo_mover_r', -0.0, -0.0, -0.0, 0.0, 0.0, 0.0, 1.0, 1.0, 1.0]
['jaw_geo_mover', 0.0, 0.0, 0.0, 0.0, 0.0, 0.0, 1.0, 1.0, 1.0]
['lip_bottom_geo_mover', 0.0, 0.0, 0.0, 0.0, 0.0, 0.0, 1.0, 1.0, 1.0]
['lip_bottom_l_geo_mover', 0.0, 0.0, 0.0, 0.0, 0.0, 0.0, 1.0, 1.0, 1.0]
['lip_bottom_r_geo_mover', -0.0, -0.0, -0.0, 0.0, 0.0, 0.0, 1.0, 1.0, 1.0]
['lip_l_geo_mover', 0.0, 0.0, 0.0, 0.0, 0.0, 0.0, 1.0, 1.0, 1.0]
['lip_r_geo_mover', -0.0, -0.0, -0.0, 0.0, 0.0, 0.0, 1.0, 1.0, 1.0]
['lip_top_geo_mover', 0.0, 0.0, 0.0, 0.0, 0.0, 0.0, 1.0, 1.0, 1.0]
['lip_top_l_geo_mover', 0.0, 0.0, 0.0, 0.0, 0.0, 0.0, 1.0, 1.0, 1.0]
['lip_top_r_geo_mover', -0.0, -0.0, -0.0, 0.0, 0.0, 0.0, 1.0, 1.0, 1.0]
['lowerarm_geo_mover_l', 0.0, 0.0, 0.0, 0.0, 0.0, 0.0, 1.0, 1.0, 1.0]
['lowerarm_geo_mover_r', -0.0, -0.0, -0.0, 0.0, 0.0, 0.0, 1.0, 1.0, 1.0]
['lowerarm_twist_01_geo_mover_l', 0.0, 0.0, 0.0, 0.0, 0.0, 0.0, 1.0, 1.0, 1.0]
['lowerarm_twist_01_geo_mover_r', -0.0, -0.0, -0.0, 0.0, 0.0, 0.0, 1.0, 1.0, 1.0]
['middle_01_geo_mover_l', 0.0, 0.0, 0.0, 0.0, 0.0, 0.0, 1.0, 1.0, 1.0]
['middle_01_geo_mover_r', -0.0, -0.0, -0.0, 0.0, 0.0, 0.0, 1.0, 1.0, 1.0]
['middle_02_geo_mover_l', 0.0, 0.0, 0.0, 0.0, 0.0, 0.0, 1.0, 1.0, 1.0]
['middle_02_geo_mover_r', -0.0, -0.0, -0.0, 0.0, 0.0, 0.0, 1.0, 1.0, 1.0]
['middle_03_geo_mover_l', 0.0, 0.0, 0.0, 0.0, 0.0, 0.0, 1.0, 1.0, 1.0]
['middle_03_geo_mover_r', -0.0, -0.0, -0.0, 0.0, 0.0, 0.0, 1.0, 1.0, 1.0]
['neck_01_geo_mover', 0.0, 0.0, 0.0, 0.0, 0.0, 0.0, 1.0, 1.0, 1.0]
['nose_geo_mover', 0.0, 0.0, 0.0, 0.0, 0.0, 0.0, 1.0, 1.0, 1.0]
['pelvis_geo_mover', 0.0, 0.0, 0.0, 0.0, 0.0, 0.0, 1.0, 1.0, 1.0]
['pinky_01_geo_mover_l', 0.0, 0.0, 0.0, 0.0, 0.0, 0.0, 1.0, 1.0, 1.0]
['pinky_01_geo_mover_r', -0.0, -0.0, -0.0, 0.0, 0.0, 0.0, 1.0, 1.0, 1.0]
['pinky_02_geo_mover_l', 0.0, 0.0, 0.0, 0.0, 0.0, 0.0, 1.0, 1.0, 1.0]
['pinky_02_geo_mover_r', -0.0, -0.0, -0.0, 0.0, 0.0, 0.0, 1.0, 1.0, 1.0]
['pinky_03_geo_mover_l', 0.0, 0.0, 0.0, 0.0, 0.0, 0.0, 1.0, 1.0, 1.0]
['pinky_03_geo_mover_r', -0.0, -0.0, -0.0, 0.0, 0.0, 0.0, 1.0, 1.0, 1.0]
['ring_01_geo_mover_l', 0.0, 0.0, 0.0, 0.0, 0.0, 0.0, 1.0, 1.0, 1.0]
['ring_01_geo_mover_r', -0.0, -0.0, -0.0, 0.0, 0.0, 0.0, 1.0, 1.0, 1.0]
['ring_02_geo_mover_l', 0.0, 0.0, 0.0, 0.0, 0.0, 0.0, 1.0, 1.0, 1.0]
['ring_02_geo_mover_r', -0.0, -0.0, -0.0, 0.0, 0.0, 0.0, 1.0, 1.0, 1.0]
['ring_03_geo_mover_l', 0.0, 0.0, 0.0, 0.0, 0.0, 0.0, 1.0, 1.0, 1.0]
['ring_03_geo_mover_r', -0.0, -0.0, -0.0, 0.0, 0.0, 0.0, 1.0, 1.0, 1.0]
['spine_01_geo_mover', 0.0, 0.0, 0.0, 0.0, 0.0, 0.0, 1.0, 1.0, 1.0]
['spine_02_geo_mover', 0.0, 0.0, 0.0, 0.0, 0.0, 0.0, 1.0, 1.0, 1.0]
['spine_03_geo_mover', 0.0, 0.0, 0.0, 0.0, 0.0, 0.0, 1.0, 1.0, 1.0]
['thigh_geo_mover_l', 0.0, 0.0, 0.0, 0.0, 0.0, 0.0, 1.0, 1.0, 1.0]
['thigh_geo_mover_r', -0.0, -0.0, -0.0, 0.0, 0.0, 0.0, 1.0, 1.0, 1.0]
['thigh_twist_01_geo_mover_l', 0.0, 0.0, 0.0, 0.0, 0.0, 0.0, 1.0, 1.0, 1.0]
['thigh_twist_01_geo_mover_r', -0.0, -0.0, -0.0, 0.0, 0.0, 0.0, 1.0, 1.0, 1.0]
['thumb_01_geo_mover_l', 0.0, 0.0, 0.0, 0.0, 0.0, 0.0, 1.0, 1.0, 1.0]
['thumb_01_geo_mover_r', -0.0, -0.0, -0.0, 0.0, 0.0, 0.0, 1.0, 1.0, 1.0]
['thumb_02_geo_mover_l', 0.0, 0.0, 0.0, 0.0, 0.0, 0.0, 1.0, 1.0, 1.0]
['thumb_02_geo_mover_r', -0.0, -0.0, -0.0, 0.0, 0.0, 0.0, 1.0, 1.0, 1.0]
['thumb_03_geo_mover_l', 0.0, 0.0, 0.0, 0.0, 0.0, 0.0, 1.0, 1.0, 1.0]
['thumb_03_geo_mover_r', -0.0, -0.0, -0.0, 0.0, 0.0, 0.0, 1.0, 1.0, 1.0]
['tongue_geo_mover', 0.0, 0.0, 0.0, 0.0, 0.0, 0.0, 1.0, 1.0, 1.0]
['upperarm_geo_mover_l', 0.0, 0.0, 0.0, 0.0, 0.0, 0.0, 1.0, 1.0, 1.0]
['upperarm_geo_mover_r', -0.0, -0.0, -0.0, 0.0, 0.0, 0.0, 1.0, 1.0, 1.0]
['upperarm_twist_01_geo_mover_l', 0.0, 0.0, 0.0, 0.0, 0.0, 0.0, 1.0, 1.0, 1.0]
['upperarm_twist_01_geo_mover_r', -0.0, -0.0, -0.0, 0.0, 0.0, 0.0, 1.0, 1.0, 1.0]
['ball_l_lra', 0.0, 0.0, 0.0, 0.0, 0.0, 0.0, 1.0, 1.0, 1.0]
['ball_r_lra', 0.0, 0.0, 0.0, 0.0, 0.0, 0.0, 1.0, 1.0, 1.0]
['bigtoe_distal_phalange_l_lra', 0.0, 0.0, 0.0, 0.0, 0.0, 0.0, 1.0, 1.0, 1.0]
['bigtoe_distal_phalange_r_lra', 0.0, 0.0, 0.0, 0.0, 0.0, 0.0, 1.0, 1.0, 1.0]
['bigtoe_metatarsal_l_lra', 0.0, 0.0, 0.0, 0.0, 0.0, 0.0, 1.0, 1.0, 1.0]
['bigtoe_metatarsal_r_lra', 0.0, 0.0, 0.0, 0.0, 0.0, 0.0, 1.0, 1.0, 1.0]
['bigtoe_proximal_phalange_l_lra', 0.0, 0.0, 0.0, 0.0, 0.0, 0.0, 1.0, 1.0, 1.0]
['bigtoe_proximal_phalange_r_lra', 0.0, 0.0, 0.0, 0.0, 0.0, 0.0, 1.0, 1.0, 1.0]
['boob_l_lra', 0.0, 0.0, 0.0, 0.0, 0.0, 0.0, 1.0, 1.0, 1.0]
['boob_r_lra', 0.0, 0.0, 0.0, 0.0, 0.0, 0.0, 1.0, 1.0, 1.0]
['brow_in_l_lra', 0.0, 0.0, 0.0, 0.0, 0.0, 0.0, 1.0, 1.0, 1.0]
['brow_in_r_lra', 0.0, 0.0, 0.0, 0.0, 0.0, 0.0, 1.0, 1.0, 1.0]
['brow_l_lra', 0.0, 0.0, 0.0, 0.0, 0.0, 0.0, 1.0, 1.0, 1.0]
['brow_out_l_lra', 0.0, 0.0, 0.0, 0.0, 0.0, 0.0, 1.0, 1.0, 1.0]
['brow_out_r_lra', 0.0, 0.0, 0.0, 0.0, 0.0, 0.0, 1.0, 1.0, 1.0]
['brow_r_lra', 0.0, 0.0, 0.0, 0.0, 0.0, 0.0, 1.0, 1.0, 1.0]
['calf_l_lra', 0.0, 0.0, 0.0, 0.0, 0.0, 0.0, 1.0, 1.0, 1.0]
['calf_r_lra', 0.0, 0.0, 0.0, 0.0, 0.0, 0.0, 1.0, 1.0, 1.0]
['calf_twist_01_l_lra', 0.0, 0.0, 0.0, 0.0, 0.0, 0.0, 1.0, 1.0, 1.0]
['calf_twist_01_r_lra', 0.0, 0.0, 0.0, 0.0, 0.0, 0.0, 1.0, 1.0, 1.0]
['cheek_l_lra', 0.0, 0.0, 0.0, 0.0, 0.0, 0.0, 1.0, 1.0, 1.0]
['cheek_r_lra', 0.0, 0.0, 0.0, 0.0, 0.0, 0.0, 1.0, 1.0, 1.0]
['clavicle_l_lra', 0.0, -1.887379141862766e-15, 0.0, -1.987846675914698e-16, -0.0, 0.0, 1.0, 1.0, 1.0]
['clavicle_r_lra', 0.0, 0.0, 0.0, 0.0, 0.0, 0.0, 1.0, 1.0, 1.0]
['eyeLid_in_l_lra', 0.0, 0.0, 0.0, 0.0, 0.0, 0.0, 1.0, 1.0, 1.0]
['eyeLid_in_r_lra', 0.0, 0.0, 0.0, 0.0, 0.0, 0.0, 1.0, 1.0, 1.0]
['eyeLid_l_lra', 0.0, 0.0, 0.0, 0.0, 0.0, 0.0, 1.0, 1.0, 1.0]
['eyeLid_mid_l_lra', 0.0, 0.0, 0.0, 0.0, 0.0, 0.0, 1.0, 1.0, 1.0]
['eyeLid_mid_r_lra', 0.0, 0.0, 0.0, 0.0, 0.0, 0.0, 1.0, 1.0, 1.0]
['eyeLid_midin_l_lra', 0.0, 0.0, 0.0, 0.0, 0.0, 0.0, 1.0, 1.0, 1.0]
['eyeLid_midin_r_lra', 0.0, 0.0, 0.0, 0.0, 0.0, 0.0, 1.0, 1.0, 1.0]
['eyeLid_out_l_lra', 0.0, 0.0, 0.0, 0.0, 0.0, 0.0, 1.0, 1.0, 1.0]
['eyeLid_out_r_lra', 0.0, 0.0, 0.0, 0.0, 0.0, 0.0, 1.0, 1.0, 1.0]
['eyeLid_r_lra', 0.0, 0.0, 0.0, 0.0, 0.0, 0.0, 1.0, 1.0, 1.0]
['eye_in_l_lra', 0.0, 0.0, 0.0, 0.0, 0.0, 0.0, 1.0, 1.0, 1.0]
['eye_in_r_lra', 0.0, 0.0, 0.0, 0.0, 0.0, 0.0, 1.0, 1.0, 1.0]
['eye_left_lra', 0.0, 0.0, 0.0, 0.0, 0.0, 0.0, 1.0, 1.0, 1.0]
['eye_lowIOutMid_l_lra', 0.0, 0.0, 0.0, 0.0, 0.0, 0.0, 1.0, 1.0, 1.0]
['eye_lowIOutMid_r_lra', 0.0, 0.0, 0.0, 0.0, 0.0, 0.0, 1.0, 1.0, 1.0]
['eye_lowIOut_l_lra', 0.0, 0.0, 0.0, 0.0, 0.0, 0.0, 1.0, 1.0, 1.0]
['eye_lowIOut_r_lra', 0.0, 0.0, 0.0, 0.0, 0.0, 0.0, 1.0, 1.0, 1.0]
['eye_lowInMid_l_lra', 0.0, 0.0, 0.0, 0.0, 0.0, 0.0, 1.0, 1.0, 1.0]
['eye_lowInMid_r_lra', 0.0, 0.0, 0.0, 0.0, 0.0, 0.0, 1.0, 1.0, 1.0]
['eye_lowIn_l_lra', 0.0, 0.0, 0.0, 0.0, 0.0, 0.0, 1.0, 1.0, 1.0]
['eye_lowIn_r_lra', 0.0, 0.0, 0.0, 0.0, 0.0, 0.0, 1.0, 1.0, 1.0]
['eye_out_l_lra', 0.0, 0.0, 0.0, 0.0, 0.0, 0.0, 1.0, 1.0, 1.0]
['eye_out_r_lra', 0.0, 0.0, 0.0, 0.0, 0.0, 0.0, 1.0, 1.0, 1.0]
['eye_right_lra', 0.0, 0.0, 0.0, 0.0, 0.0, 0.0, 1.0, 1.0, 1.0]
['foot_l_lra', 0.0, 0.0, 0.0, 0.0, 0.0, 0.0, 1.0, 1.0, 1.0]
['foot_r_lra', 0.0, 0.0, 0.0, 0.0, 0.0, 0.0, 1.0, 1.0, 1.0]
['hair_back_01_lra', 0.0, 0.0, 0.0, 0.0, 0.0, 0.0, 1.0, 1.0, 1.0]
['hair_back_02_lra', 0.0, 0.0, 0.0, 0.0, 0.0, 0.0, 1.0, 1.0, 1.0]
['hair_back_03_lra', 0.0, 0.0, 0.0, 0.0, 0.0, 0.0, 1.0, 1.0, 1.0]
['hair_back_04_lra', 0.0, 0.0, 0.0, 0.0, 0.0, 0.0, 1.0, 1.0, 1.0]
['hair_back_05_lra', 0.0, 0.0, 0.0, 0.0, 0.0, 0.0, 1.0, 1.0, 1.0]
['hair_back_06_lra', 0.0, 0.0, 0.0, 0.0, 0.0, 0.0, 1.0, 1.0, 1.0]
['hair_back_07_lra', 0.0, 0.0, 0.0, 0.0, 0.0, 0.0, 1.0, 1.0, 1.0]
['hair_back_08_lra', 0.0, 0.0, 0.0, 0.0, 0.0, 0.0, 1.0, 1.0, 1.0]
['hair_back_09_lra', 0.0, 0.0, 0.0, 0.0, 0.0, 0.0, 1.0, 1.0, 1.0]
['hair_front_01_lra', 0.0, 0.0, 0.0, 0.0, 0.0, 0.0, 1.0, 1.0, 1.0]
['hair_front_02_lra', 0.0, 0.0, 0.0, 0.0, 0.0, 0.0, 1.0, 1.0, 1.0]
['hair_front_03_lra', 0.0, 0.0, 0.0, 0.0, 0.0, 0.0, 1.0, 1.0, 1.0]
['hair_front_04_lra', 0.0, 0.0, 0.0, 0.0, 0.0, 0.0, 1.0, 1.0, 1.0]
['hand_l_lra', 0.0, 0.0, 0.0, 0.0, 0.0, 0.0, 1.0, 1.0, 1.0]
['hand_r_lra', 0.0, 0.0, 0.0, 0.0, 0.0, 0.0, 1.0, 1.0, 1.0]
['head_lra', -5.684341886080802e-14, 8.881784197001252e-16, 0.0, -3.531125038440126e-31, -1.2722218725854073e-14, 0.0, 1.0000000000000002, 1.0000000000000002, 1.0]
['index_01_l_lra', 8.526512829121202e-14, 2.842170943040401e-14, -3.552713678800501e-15, 1.90833280887811e-14, -4.770832022195275e-15, -3.1805546814635168e-15, 1.0, 1.0, 1.0000000000000002]
['index_01_r_lra', 0.0, 0.0, 0.0, 0.0, 0.0, 0.0, 1.0, 1.0, 1.0]
['index_02_l_lra', 5.684341886080802e-14, 2.842170943040401e-14, 0.0, 1.3517357396219947e-14, -6.361109362927032e-15, 9.541664044390547e-15, 1.0000000000000002, 1.0, 1.0000000000000002]
['index_02_r_lra', 0.0, 0.0, 0.0, 0.0, 0.0, 0.0, 1.0, 1.0, 1.0]
['index_03_l_lra', 2.842170943040401e-14, 0.0, 3.552713678800501e-15, 1.1927080055488182e-15, 7.951386703658789e-15, -3.180554681463515e-15, 1.0000000000000004, 1.0000000000000004, 1.0000000000000004]
['index_03_r_lra', 0.0, 0.0, 0.0, 0.0, 0.0, 0.0, 1.0, 1.0, 1.0]
['index_distal_phalange_l_lra', 0.0, 0.0, 0.0, 0.0, 0.0, 0.0, 1.0, 1.0, 1.0]
['index_distal_phalange_r_lra', 0.0, 0.0, 0.0, 0.0, 0.0, 0.0, 1.0, 1.0, 1.0]
['index_metacarpal_l_lra', 0.0, 0.0, 0.0, 0.0, 0.0, 0.0, 1.0, 1.0, 1.0]
['index_metacarpal_r_lra', 2.842170943040401e-14, -2.842170943040401e-14, 3.1086244689504383e-15, -2.902256146835458e-14, 7.15624803329291e-15, 3.180554681463515e-15, 1.0000000000000004, 1.0000000000000004, 1.0000000000000004]
['index_metatarsal_l_lra', 0.0, 0.0, 0.0, 0.0, 0.0, 0.0, 1.0, 1.0, 1.0]
['index_metatarsal_r_lra', 0.0, 0.0, 0.0, 0.0, 0.0, 0.0, 1.0, 1.0, 1.0]
['index_middle_phalange_l_lra', 0.0, 0.0, 0.0, 0.0, 0.0, 0.0, 1.0, 1.0, 1.0]
['index_middle_phalange_r_lra', 0.0, 0.0, 0.0, 0.0, 0.0, 0.0, 1.0, 1.0, 1.0]
['index_proximal_phalange_l_lra', 0.0, 0.0, 0.0, 0.0, 0.0, 0.0, 1.0, 1.0, 1.0]
['index_proximal_phalange_r_lra', 0.0, 0.0, 0.0, 0.0, 0.0, 0.0, 1.0, 1.0, 1.0]
['jaw_lra', 0.0, 0.0, 0.0, 0.0, 0.0, 0.0, 1.0, 1.0, 1.0]
['lip_bottom_l_lra', 0.0, 0.0, 0.0, 0.0, 0.0, 0.0, 1.0, 1.0, 1.0]
['lip_bottom_lra', 0.0, 0.0, 0.0, 0.0, 0.0, 0.0, 1.0, 1.0, 1.0]
['lip_bottom_r_lra', 0.0, 0.0, 0.0, 0.0, 0.0, 0.0, 1.0, 1.0, 1.0]
['lip_l_lra', 0.0, 0.0, 0.0, 0.0, 0.0, 0.0, 1.0, 1.0, 1.0]
['lip_r_lra', 0.0, 0.0, 0.0, 0.0, 0.0, 0.0, 1.0, 1.0, 1.0]
['lip_top_l_lra', 0.0, 0.0, 0.0, 0.0, 0.0, 0.0, 1.0, 1.0, 1.0]
['lip_top_lra', 0.0, 0.0, 0.0, 0.0, 0.0, 0.0, 1.0, 1.0, 1.0]
['lip_top_r_lra', 0.0, 0.0, 0.0, 0.0, 0.0, 0.0, 1.0, 1.0, 1.0]
['lowerarm_l_lra', 2.842170943040401e-14, 7.105427357601002e-15, -2.842170943040401e-14, -1.1927080055488188e-15, -3.1805546814635168e-15, 1.5902773407317584e-15, 1.0, 1.0, 0.9999999999999999]
['lowerarm_r_lra', 0.0, 0.0, 0.0, 0.0, 0.0, 0.0, 1.0, 1.0, 1.0]
['lowerarm_twist_01_l_lra', 0.0, 0.0, 0.0, 0.0, 0.0, 0.0, 1.0, 1.0, 1.0]
['lowerarm_twist_01_r_lra', 0.0, 0.0, 0.0, 0.0, 0.0, 0.0, 1.0, 1.0, 1.0]
['middle_01_l_lra', 0.0, 0.0, 0.0, 0.0, 0.0, 0.0, 1.0, 1.0, 1.0]
['middle_01_r_lra', 0.0, 0.0, 0.0, 0.0, 0.0, 0.0, 1.0, 1.0, 1.0]
['middle_02_l_lra', 0.0, 0.0, 0.0, 0.0, 0.0, 0.0, 1.0, 1.0, 1.0]
['middle_02_r_lra', 0.0, 0.0, 0.0, 0.0, 0.0, 0.0, 1.0, 1.0, 1.0]
['middle_03_l_lra', 1.4210854715202004e-13, 2.842170943040401e-14, 0.0, -7.355032700884382e-15, -9.939233379573493e-15, 0.0, 0.9999999999999998, 1.0, 1.0]
['middle_03_r_lra', 0.0, 0.0, 0.0, 0.0, 0.0, 0.0, 1.0, 1.0, 1.0]
['middle_distal_phalange_l_lra', 0.0, 0.0, 0.0, 0.0, 0.0, 0.0, 1.0, 1.0, 1.0]
['middle_distal_phalange_r_lra', 0.0, 0.0, 0.0, 0.0, 0.0, 0.0, 1.0, 1.0, 1.0]
['middle_metacarpal_l_lra', 0.0, 0.0, 0.0, 0.0, 0.0, 0.0, 1.0, 1.0, 1.0]
['middle_metacarpal_r_lra', 0.0, 0.0, 0.0, 0.0, 0.0, 0.0, 1.0, 1.0, 1.0]
['middle_metatarsal_l_lra', 0.0, 0.0, 0.0, 0.0, 0.0, 0.0, 1.0, 1.0, 1.0]
['middle_metatarsal_r_lra', 0.0, 0.0, 0.0, 0.0, 0.0, 0.0, 1.0, 1.0, 1.0]
['middle_middle_phalange_l_lra', 0.0, 0.0, 0.0, 0.0, 0.0, 0.0, 1.0, 1.0, 1.0]
['middle_middle_phalange_r_lra', 0.0, 0.0, 0.0, 0.0, 0.0, 0.0, 1.0, 1.0, 1.0]
['middle_proximal_phalange_l_lra', 0.0, 0.0, 0.0, 0.0, 0.0, 0.0, 1.0, 1.0, 1.0]
['middle_proximal_phalange_r_lra', 0.0, 0.0, 0.0, 0.0, 0.0, 0.0, 1.0, 1.0, 1.0]
['neck_01_lra', 0.0, 0.0, 0.0, 0.0, 0.0, 0.0, 1.0, 1.0, 1.0]
['nose_lra', 0.0, 0.0, 0.0, 0.0, 0.0, 0.0, 1.0, 1.0, 1.0]
['pelvis_lra', 0.0, 0.0, 0.0, 0.0, 0.0, 0.0, 1.0, 1.0, 1.0]
['pinky_01_l_lra', 0.0, 0.0, 0.0, -1.1927080055488186e-14, 3.1805546814635168e-15, -6.3611093629270335e-15, 1.0, 1.0000000000000002, 1.0000000000000002]
['pinky_01_r_lra', 0.0, 0.0, 0.0, 0.0, 0.0, 0.0, 1.0, 1.0, 1.0]
['pinky_02_l_lra', 0.0, 0.0, 0.0, 0.0, 0.0, 0.0, 1.0, 1.0, 1.0]
['pinky_02_r_lra', 0.0, 0.0, 0.0, 0.0, 0.0, 0.0, 1.0, 1.0, 1.0]
['pinky_03_l_lra', 0.0, 0.0, 0.0, 0.0, 0.0, 0.0, 1.0, 1.0, 1.0]
['pinky_03_r_lra', 0.0, 0.0, 0.0, 0.0, 0.0, 0.0, 1.0, 1.0, 1.0]
['pinky_distal_phalange_l_lra', 0.0, 0.0, 0.0, 0.0, 0.0, 0.0, 1.0, 1.0, 1.0]
['pinky_distal_phalange_r_lra', 0.0, 0.0, 0.0, 0.0, 0.0, 0.0, 1.0, 1.0, 1.0]
['pinky_metacarpal_l_lra', 0.0, 0.0, 0.0, 0.0, 0.0, 0.0, 1.0, 1.0, 1.0]
['pinky_metacarpal_r_lra', 0.0, 0.0, 0.0, 0.0, 0.0, 0.0, 1.0, 1.0, 1.0]
['pinky_metatarsal_l_lra', 0.0, 0.0, 0.0, 0.0, 0.0, 0.0, 1.0, 1.0, 1.0]
['pinky_metatarsal_r_lra', 0.0, 0.0, 0.0, 0.0, 0.0, 0.0, 1.0, 1.0, 1.0]
['pinky_middle_phalange_l_lra', 0.0, 0.0, 0.0, 0.0, 0.0, 0.0, 1.0, 1.0, 1.0]
['pinky_middle_phalange_r_lra', 0.0, 0.0, 0.0, 0.0, 0.0, 0.0, 1.0, 1.0, 1.0]
['pinky_proximal_phalange_l_lra', 0.0, 0.0, 0.0, 0.0, 0.0, 0.0, 1.0, 1.0, 1.0]
['pinky_proximal_phalange_r_lra', 0.0, 0.0, 0.0, 0.0, 0.0, 0.0, 1.0, 1.0, 1.0]
['ring_01_l_lra', 5.684341886080802e-14, 0.0, -3.552713678800501e-15, -5.9635400277440935e-15, 9.14409470920761e-15, -9.54166404439055e-15, 1.0, 1.0, 1.0]
['ring_01_r_lra', 0.0, 0.0, 0.0, 0.0, 0.0, 0.0, 1.0, 1.0, 1.0]
['ring_02_l_lra', 0.0, 0.0, 0.0, 0.0, 0.0, 0.0, 1.0, 1.0, 1.0]
['ring_02_r_lra', 0.0, 0.0, 0.0, 0.0, 0.0, 0.0, 1.0, 1.0, 1.0]
['ring_03_l_lra', 0.0, 0.0, 0.0, 0.0, 0.0, 0.0, 1.0, 1.0, 1.0]
['ring_03_r_lra', 0.0, 0.0, 0.0, 0.0, 0.0, 0.0, 1.0, 1.0, 1.0]
['ring_distal_phalange_l_lra', 0.0, 0.0, 0.0, 0.0, 0.0, 0.0, 1.0, 1.0, 1.0]
['ring_distal_phalange_r_lra', 0.0, 0.0, 0.0, 0.0, 0.0, 0.0, 1.0, 1.0, 1.0]
['ring_metacarpal_l_lra', 0.0, 0.0, 0.0, 0.0, 0.0, 0.0, 1.0, 1.0, 1.0]
['ring_metacarpal_r_lra', 0.0, 0.0, 0.0, 0.0, 0.0, 0.0, 1.0, 1.0, 1.0]
['ring_metatarsal_l_lra', 0.0, 0.0, 0.0, 0.0, 0.0, 0.0, 1.0, 1.0, 1.0]
['ring_metatarsal_r_lra', 0.0, 0.0, 0.0, 0.0, 0.0, 0.0, 1.0, 1.0, 1.0]
['ring_middle_phalange_l_lra', 0.0, 0.0, 0.0, 0.0, 0.0, 0.0, 1.0, 1.0, 1.0]
['ring_middle_phalange_r_lra', 0.0, 0.0, 0.0, 0.0, 0.0, 0.0, 1.0, 1.0, 1.0]
['ring_proximal_phalange_l_lra', 0.0, 0.0, 0.0, 0.0, 0.0, 0.0, 1.0, 1.0, 1.0]
['ring_proximal_phalange_r_lra', 0.0, 0.0, 0.0, 0.0, 0.0, 0.0, 1.0, 1.0, 1.0]
['root_lra', 0.0, 0.0, 0.0, 0.0, 0.0, 0.0, 1.0, 1.0, 1.0]
['spine_01_lra', 0.0, 0.0, 0.0, 0.0, 0.0, 0.0, 1.0, 1.0, 1.0]
['spine_02_lra', 0.0, 0.0, 0.0, 0.0, 0.0, 0.0, 1.0, 1.0, 1.0]
['spine_03_lra', 0.0, 0.0, 0.0, 0.0, 0.0, 0.0, 1.0, 1.0, 1.0]
['thigh_l_lra', 0.0, 0.0, 0.0, 0.0, 0.0, 0.0, 1.0, 1.0, 1.0]
['thigh_r_lra', 0.0, 0.0, 0.0, 0.0, 0.0, 0.0, 1.0, 1.0, 1.0]
['thigh_twist_01_l_lra', 0.0, 0.0, 0.0, 0.0, 0.0, 0.0, 1.0, 1.0, 1.0]
['thigh_twist_01_r_lra', 0.0, 0.0, 0.0, 0.0, 0.0, 0.0, 1.0, 1.0, 1.0]
['thumb_01_l_lra', 0.0, -2.842170943040401e-14, 7.105427357601002e-15, 1.590277340731758e-15, 1.5902773407317576e-15, -1.5902773407317578e-14, 1.0000000000000004, 1.0000000000000002, 1.0000000000000007]
['thumb_01_r_lra', 0.0, 0.0, 0.0, 0.0, 0.0, 0.0, 1.0, 1.0, 1.0]
['thumb_02_l_lra', -2.842170943040401e-14, -2.842170943040401e-14, 7.105427357601002e-15, -1.749305074804934e-14, 1.5902773407317584e-15, -3.1805546814635168e-15, 1.0, 1.0, 1.0]
['thumb_02_r_lra', 0.0, 0.0, 0.0, 0.0, 0.0, 0.0, 1.0, 1.0, 1.0]
['thumb_03_l_lra', 2.842170943040401e-14, 0.0, 7.105427357601002e-15, -3.180554681463516e-15, 1.1131941385122302e-14, 6.36110936292703e-15, 1.0000000000000004, 1.0000000000000002, 1.0000000000000004]
['thumb_03_r_lra', 0.0, 0.0, 0.0, 0.0, 0.0, 0.0, 1.0, 1.0, 1.0]
['tongue_lra', 0.0, 0.0, 0.0, 0.0, 0.0, 0.0, 1.0, 1.0, 1.0]
['upperarm_l_lra', 0.0, 0.0, 0.0, 0.0, 0.0, 0.0, 1.0, 1.0, 1.0]
['upperarm_r_lra', 0.0, 0.0, 0.0, 0.0, 0.0, 0.0, 1.0, 1.0, 1.0]
['upperarm_twist_01_l_lra', 0.0, 0.0, 0.0, 0.0, 0.0, 0.0, 1.0, 1.0, 1.0]
['upperarm_twist_01_r_lra', 0.0, 0.0, 0.0, 0.0, 0.0, 0.0, 1.0, 1.0, 1.0]
